354.0 2.277908923516554
368.2 2.1867047137120075
382.4 2.264486796329701
396.4 2.2742257198797784
410.4 2.4657709581366754
424.2 2.788369879972556
438.1 3.0426645662908967
451.8 3.2931761089694227
465.5 3.4294329413308215
479.1 3.5502255484598724
492.7 3.74725499994972
506.1 4.323923434986605
519.6 5.733025582743859
532.9 7.275368733240472
546.2 8.010114998235522
559.4 8.189828628674332
572.6 7.554830665008652
585.7 7.099190620439474
598.7 7.027208486395814
611.6 6.811332658487989
624.4 6.599435781557422
637.2 6.569410488446155
649.9 6.14058410002877
662.5 5.771692442498915
674.9 5.634868176125802
687.3 6.712911335193408
699.6 11.114015604994965
711.8 17.375459670806794
723.9 24.33058040270266
735.9 30.191033589163943
747.7 33.44382585345322
759.5 34.68206889252685
771.1 35.688636155118694
782.6 36.19422561346536
794.0 36.58999089114887
805.3 37.01805403821707
816.5 37.113367737223825
827.5 37.56631299262271
838.5 38.08968453358706
849.2 38.459423457137135
859.9 38.75497293948252
870.4 39.03550977527235
880.8 39.249855047813206
891.0 39.310070843151244
901.0 39.18628769951142
911.0 39.05076351027733
920.7 39.404135051241575
930.3 37.25705501352927
939.7 37.49921296690971
948.9 36.99182941186214
957.9 36.72765995865813
966.7 37.45759345710363
975.2 37.26371444612941
992.9 39.947428247988086
1028.2 41.6632800152267
1063.5 42.8520464396422
1098.8 42.88483055859422
1133.9 39.85402487635981
1169.0 37.90557172240124
1204.0 37.94728747488431
1239.0 39.30347373302258
