354.0 2.2947963874764725
368.2 2.2037198034200025
382.4 2.281719727432667
396.4 2.292645119047106
410.4 2.485570966585599
424.2 2.8086483865028424
438.1 3.0637258824074207
451.8 3.314803226337318
465.5 3.4512650102964293
479.1 3.5726504381610873
492.7 3.770189566050095
506.1 4.346650970072488
519.6 5.759122100474753
532.9 7.308832633438946
546.2 8.048227483734104
559.4 8.228843651603636
572.6 7.589446141751488
585.7 7.1306678392625695
598.7 7.057433147915878
611.6 6.8394267649790965
624.4 6.625883229824216
637.2 6.5946486144648695
649.9 6.165877530773505
662.5 5.798802998375291
674.9 5.66419161770835
687.3 6.7417288459137845
699.6 11.15252394160548
711.8 17.456935140364287
723.9 24.479094029897812
735.9 30.40462778505544
747.7 33.69409406345276
759.5 34.94396604715019
771.1 35.957673312658684
782.6 36.463828152493186
794.0 36.859212212585724
805.3 37.28659482891869
816.5 37.37935808591373
827.5 37.831818198151296
838.5 38.355972961998454
849.2 38.725047570384014
859.9 39.01904392299152
870.4 39.29857970743748
880.8 39.5105740843741
891.0 39.56779752959406
901.0 39.43963311535439
911.0 39.29993094099797
920.7 39.652543385487625
930.3 37.491738791378204
939.7 37.72834188942474
948.9 37.218170180400186
957.9 36.95525079178585
966.7 37.68570854841581
975.2 37.48800493029981
992.9 40.18357627682208
1028.2 41.901124143255515
1063.5 43.08881674320678
1098.8 43.11541414220268
1133.9 40.06257831729537
1169.0 38.09574879933744
1204.0 38.131733449894206
1239.0 39.491124500822245
