354.0 2.278577766176986
368.2 2.18761032713568
382.4 2.266048037858171
396.4 2.276831971026799
410.4 2.4691846527326797
424.2 2.7919624795215707
438.1 3.0466945621722847
451.8 3.297753313049931
465.5 3.4348509959260136
479.1 3.556765614029407
492.7 3.754686867832547
506.1 4.331150944913984
519.6 5.736427085923007
532.9 7.274599084796205
546.2 8.009625362935157
559.4 8.192199423872152
572.6 7.563712969531507
585.7 7.106402074833676
598.7 7.031978576523998
611.6 6.8132671450870665
624.4 6.5985259898052595
637.2 6.566087629573148
649.9 6.134937034976193
662.5 5.764491980231013
674.9 5.62721204702102
687.3 6.70318868270502
699.6 11.11078058332671
711.8 17.38307555107716
723.9 24.306680792073543
735.9 30.141499806181372
747.7 33.38274266127197
759.5 34.61852879994054
771.1 35.626038709380175
782.6 36.13378937583013
794.0 36.53162489485671
805.3 36.96209437255787
816.5 37.06065480921537
827.5 37.515777976250405
838.5 38.04126081357108
849.2 38.413142253175785
859.9 38.7108274448283
870.4 38.992918227344674
880.8 39.20963597995589
891.0 39.27237328678634
901.0 39.15175729437091
911.0 39.017534327179874
920.7 39.372938771183584
930.3 37.23087117910627
939.7 37.475039825619426
948.9 36.978383136805576
957.9 36.715434722663524
966.7 37.44785933842654
975.2 37.25619193659322
992.9 39.93303124907971
1028.2 41.644907993824695
1063.5 42.83258114915771
1098.8 42.87018060603368
1133.9 39.86102853345947
1169.0 37.93219825781239
1204.0 37.977673753673294
1239.0 39.33349776570037
