354.0 2.318157958312488
368.2 2.2285996615685186
382.4 2.308133228631907
396.4 2.3199352732174865
410.4 2.512413424611164
424.2 2.83538036445453
438.1 3.0909247037490433
451.8 3.342035061975484
465.5 3.4784174208802727
479.1 3.5994725661997045
492.7 3.7966563614019773
506.1 4.371490384743135
519.6 5.774109791717784
532.9 7.309982704951679
546.2 8.042941517081694
559.4 8.223757857054554
572.6 7.594068130734837
585.7 7.142186819437321
598.7 7.071455499722214
611.6 6.857419186759701
624.4 6.64704455004287
637.2 6.617654942063094
649.9 6.19208587308798
662.5 5.826207882183921
674.9 5.69085153712348
687.3 6.763485847773497
699.6 11.141438239084781
711.8 17.408732600861736
723.9 24.4031454003159
735.9 30.298998855474984
747.7 33.57237946525701
759.5 34.81825547902837
771.1 35.83106826199524
782.6 36.33948131817245
794.0 36.73717572222253
805.3 37.167459145648294
816.5 37.263460976210304
827.5 37.71897825678988
838.5 38.24525701365646
849.2 38.61731649318284
859.9 38.914189271129366
870.4 39.196497522768254
880.8 39.411894503714834
891.0 39.47266464283013
901.0 39.34849901818518
911.0 39.21152759767652
920.7 39.567703380566684
930.3 37.40988119979888
939.7 37.651610100325435
948.9 37.14938798698806
957.9 36.88152179631692
966.7 37.615252192260506
975.2 37.42395901041709
992.9 40.11808328084758
1028.2 41.8409008852104
1063.5 43.03464259967114
1098.8 43.06829552014158
1133.9 40.025884500306304
1169.0 38.072845788041256
1204.0 38.11477197369216
1239.0 39.4778551858423
