354.0 2.283882121294477
368.2 2.1921819375430975
382.4 2.2700148989599565
396.4 2.279562943088142
410.4 2.4712093069715824
424.2 2.7939119192143895
438.1 3.048493961758274
451.8 3.2993993174948697
465.5 3.435818981445925
479.1 3.5569574036001566
492.7 3.7542824232878074
506.1 4.332044499887316
519.6 5.736175622966769
532.9 7.272323530543029
546.2 8.005676178275268
559.4 8.186925452276862
572.6 7.557554938024553
585.7 7.106080077664957
598.7 7.035803517694928
611.6 6.822504166769619
624.4 6.609371685564422
637.2 6.5788517328611995
649.9 6.149005513469894
662.5 5.779611249950413
674.9 5.643301391724692
687.3 6.723353045603176
699.6 11.116883203782018
711.8 17.354369907181063
723.9 24.28296614603168
735.9 30.12556215781739
747.7 33.37135597801856
759.5 34.60683196213139
771.1 35.61245446515813
782.6 36.117167437674816
794.0 36.511892620100994
805.3 36.93953283827112
816.5 37.03371943386158
827.5 37.486228057800176
838.5 38.00986715221705
849.2 38.37945628324267
859.9 38.674522370757764
870.4 38.95533635596605
880.8 39.16943186342367
891.0 39.229090958334666
901.0 39.10529972623754
911.0 38.97050457992608
920.7 39.323445197086414
930.3 37.182996347565386
939.7 37.42431228988079
948.9 36.920940841096005
957.9 36.66063753811215
966.7 37.39199902449403
975.2 37.19913282838799
992.9 39.88255311681068
1028.2 41.59311069391973
1063.5 42.77911518893281
1098.8 42.81423341165745
1133.9 39.79469293104898
1169.0 37.86066487506098
1204.0 37.904438278482175
1239.0 39.26079143132483
