354.0 2.3006227912473323
368.2 2.209386126604086
382.4 2.2877815131723964
396.4 2.2973765465588163
410.4 2.488826576910105
424.2 2.8117636554378196
438.1 3.067520247237964
451.8 3.3188527123339786
465.5 3.4549402350974505
479.1 3.5758198333534956
492.7 3.773239821212982
506.1 4.351506760124755
519.6 5.7665949782183885
532.9 7.316965156469692
546.2 8.056222747112908
559.4 8.2369368798873
572.6 7.598558887500139
585.7 7.139860846550903
598.7 7.0659331162917445
611.6 6.847533359102076
624.4 6.633760211923328
637.2 6.602449511629819
649.9 6.172636741913979
662.5 5.802823972198149
674.9 5.666283582594718
687.3 6.747311252151288
699.6 11.164581115856123
711.8 17.456222923721633
723.9 24.44803893831148
735.9 30.338568158568915
747.7 33.60828084551497
759.5 34.853689112170606
771.1 35.86096539935097
782.6 36.365422173258885
794.0 36.760534297313576
805.3 37.18705943389436
816.5 37.28413760838926
827.5 37.73520443692948
838.5 38.25643673095137
849.2 38.62441189788347
859.9 38.91835702232372
870.4 39.197355488191064
880.8 39.41188629774919
891.0 39.47325578067033
901.0 39.35348877002235
911.0 39.21700716304664
920.7 39.56904939029559
930.3 37.42670236750718
939.7 37.66419853217539
948.9 37.15968948741975
957.9 36.90431832689356
966.7 37.63410059056416
975.2 37.44004441264848
992.9 40.128389757831854
1028.2 41.83577486902474
1063.5 43.01985932352275
1098.8 43.059190949816255
1133.9 40.05087405782395
1169.0 38.11862069432969
1204.0 38.159367474307835
1239.0 39.515918746312536
