354.0 2.2885711766170824
368.2 2.1973494409105614
382.4 2.276395274911979
396.4 2.287426429436489
410.4 2.4800522287843543
424.2 2.8032711294025803
438.1 3.058792628859132
451.8 3.3104228068482984
465.5 3.447392156359203
479.1 3.56917505131168
492.7 3.7673779809177086
506.1 4.344975964864774
519.6 5.753125594722092
532.9 7.293824035401348
546.2 8.029962324905467
559.4 8.21209210914469
572.6 7.580988817324204
585.7 7.1277794300416915
598.7 7.0566547804968796
611.6 6.842426083078469
624.4 6.632088707127444
637.2 6.60310801726335
649.9 6.175965853153334
662.5 5.80826845199167
674.9 5.671689778180512
687.3 6.750576973024302
699.6 11.14405500097915
711.8 17.396788180505958
723.9 24.382959254294985
735.9 30.26746157556386
747.7 33.531285118365005
759.5 34.771706693712694
771.1 35.780721106877934
782.6 36.286195055050705
794.0 36.68104277241092
805.3 37.108525136125046
816.5 37.20331851136011
827.5 37.65553158236632
838.5 38.17865485922875
849.2 38.54825826133471
859.9 38.843114304512746
870.4 39.12292236208356
880.8 39.336813857280326
891.0 39.396567572725985
901.0 39.27131099305364
911.0 39.13464725119884
920.7 39.488087806376406
930.3 37.33972898869523
939.7 37.583453070298965
948.9 37.08131931887156
957.9 36.81394608802514
966.7 37.54558288312621
975.2 37.348618963209404
992.9 40.026899358546764
1028.2 41.739070800463494
1063.5 42.92452415840017
1098.8 42.957171517789746
1133.9 39.931881186228345
1169.0 37.986240721697534
1204.0 38.026044840668085
1239.0 39.382015745167195
