354.0 2.2844455486265183
368.2 2.193275105686598
382.4 2.2713749083099835
396.4 2.2814245355310048
410.4 2.473300723191937
424.2 2.7962595376500796
438.1 3.0512107143238767
451.8 3.3021913457723615
465.5 3.4386020313195673
479.1 3.55971301652878
492.7 3.757047616700446
506.1 4.333567387199371
519.6 5.742018454393615
532.9 7.2842317274194
546.2 8.019588144581407
559.4 8.200082809001975
572.6 7.566206036405349
585.7 7.111320273948218
598.7 7.039829665756124
611.6 6.824527224511467
624.4 6.6131386116680995
637.2 6.583548200852629
649.9 6.155590190289305
662.5 5.787603821313979
674.9 5.651380206351536
687.3 6.729557994607945
699.6 11.13001995192022
711.8 17.39240724944179
723.9 24.349731069758477
735.9 30.215757568790035
747.7 33.473116816219246
759.5 34.71294617713945
771.1 35.720575806698115
782.6 36.226308031754066
794.0 36.62191720748876
805.3 37.05006486667427
816.5 37.14519855040003
827.5 37.59819125705077
838.5 38.12187719594095
849.2 38.49179921030791
859.9 38.787214440691216
870.4 39.067756265197374
880.8 39.28192478569938
891.0 39.34207619343266
901.0 39.2182175780002
911.0 39.08240027770831
920.7 39.436050768583364
930.3 37.28936046990676
939.7 37.53058387351646
948.9 37.02769751091077
957.9 36.76282459364125
966.7 37.49483500211911
975.2 37.301601300933505
992.9 39.98405712431654
1028.2 41.69797702010582
1063.5 42.88561830280018
1098.8 42.91922625605732
1133.9 39.893568520316414
1169.0 37.95203745696854
1204.0 37.994344502623
1239.0 39.35128804151248
