354.0 2.273175456580786
368.2 2.1831695695998423
382.4 2.261490410775535
396.4 2.271887145622334
410.4 2.464210262700076
424.2 2.788108939654728
438.1 3.0436867754336867
451.8 3.29537731376829
465.5 3.432582508897867
479.1 3.5541580687747665
492.7 3.75186359769855
506.1 4.32921830426829
519.6 5.73760821140892
532.9 7.277091005575076
546.2 8.010604721644816
559.4 8.191168234423015
572.6 7.559626813076985
585.7 7.10679158824314
598.7 7.036998391686354
611.6 6.82141961612827
624.4 6.608561978010316
637.2 6.577678811195644
649.9 6.150203536208583
662.5 5.783124996068331
674.9 5.648285417129228
687.3 6.722851303239753
699.6 11.116964102279603
711.8 17.389291625962162
723.9 24.318703859595626
735.9 30.156631121537316
747.7 33.39669627277933
759.5 34.622494263769745
771.1 35.633293225992716
782.6 36.13804894607658
794.0 36.53106821533309
805.3 36.959538567948925
816.5 37.048406444314764
827.5 37.50324810240318
838.5 38.03174670656898
849.2 38.40306915605831
859.9 38.69911279264897
870.4 38.97944634851181
880.8 39.19363266883648
891.0 39.2516662610937
901.0 39.12076998135589
911.0 38.98244364765093
920.7 39.33869408768477
930.3 37.179420069219894
939.7 37.41681559020461
948.9 36.91699924017564
957.9 36.650282999330024
966.7 37.40259237018789
975.2 37.2119652839741
992.9 39.89171256803809
1028.2 41.6058470888891
1063.5 42.7916034765613
1098.8 42.814100441906206
1133.9 39.777258631995785
1169.0 37.86855437794851
1204.0 37.91514386637457
1239.0 39.27583922965012
