354.0 2.305141947519565
368.2 2.2159451485344692
382.4 2.298375445487125
396.4 2.3127508161115853
410.4 2.506921469927851
424.2 2.832014460516595
438.1 3.091927768330359
451.8 3.346575812318533
465.5 3.483984991792434
479.1 3.6062824450468747
492.7 3.8073395837947865
506.1 4.386648532570144
519.6 5.7896764665878875
532.9 7.326819958665377
546.2 8.068557246116152
559.4 8.261107525967994
572.6 7.644669640197402
585.7 7.201458530421032
598.7 7.135188154191196
611.6 6.923552114008912
624.4 6.714556115277542
637.2 6.687480579755572
649.9 6.266551257015783
662.5 5.898871362455407
674.9 5.760236687551216
687.3 6.8414168786111595
699.6 11.217988719215612
711.8 17.423726290363373
723.9 24.385736045810138
735.9 30.313099205944603
747.7 33.60288040723357
759.5 34.85054586778203
771.1 35.86712048084996
782.6 36.37595028654387
794.0 36.77325156650446
805.3 37.20466093080924
816.5 37.29875175005178
827.5 37.75594528452475
838.5 38.2847809393794
849.2 38.659281320593124
859.9 38.95830435014135
870.4 39.240668135396575
880.8 39.45671374268421
891.0 39.51686715193555
901.0 39.3893782149008
911.0 39.251048451564074
920.7 39.60925905347227
930.3 37.4395070979871
939.7 37.679916095197136
948.9 37.168597211278254
957.9 36.90402333239979
966.7 37.640893065648925
975.2 37.448546545495425
992.9 40.13875175005178
1028.2 41.869338400297835
1063.5 43.06625964647141
1098.8 43.09459441182735
1133.9 40.03167652986573
1169.0 38.06278795018386
1204.0 38.10081033025686
1239.0 39.47196495374456
