354.0 2.2977290716087975
368.2 2.206498040999805
382.4 2.2855896339295945
396.4 2.296369646550593
410.4 2.4893082101334794
424.2 2.8131679229750404
438.1 3.069028060556209
451.8 3.3208873486581516
465.5 3.457506261879573
479.1 3.579207423759235
492.7 3.7769056124616007
506.1 4.353834407033341
519.6 5.766973570800019
532.9 7.318327775897386
546.2 8.058549613061924
559.4 8.23932537828677
572.6 7.599400680284108
585.7 7.140424739615088
598.7 7.067016044761521
611.6 6.849136369158059
624.4 6.635725550606422
637.2 6.604785288065073
649.9 6.176941715328881
662.5 5.809878155213697
674.9 5.675441153633001
687.3 6.753284726369182
699.6 11.166070562259375
711.8 17.473608858178764
723.9 24.499149031625244
735.9 30.428331328144964
747.7 33.7197324331687
759.5 34.97034697590845
771.1 35.985370912154
782.6 36.491998320167745
794.0 36.887847839258576
805.3 37.31631329839347
816.5 37.40920514061868
827.5 37.86275072471376
838.5 38.38753371051209
849.2 38.757845715560485
859.9 39.05276134320412
870.4 39.33244084336346
880.8 39.54550143030131
891.0 39.60362727631283
901.0 39.4757263637286
911.0 39.33582290270676
920.7 39.69013788093238
930.3 37.52776696016302
939.7 37.766029695416016
948.9 37.259364060836944
957.9 36.989285484008185
966.7 37.727838014764195
975.2 37.528210455923414
992.9 40.22362072664994
1028.2 41.94245977807745
1063.5 43.1317137446256
1098.8 43.158072594117144
1133.9 40.10664715584993
1169.0 38.1431290012611
1204.0 38.18013522152824
1239.0 39.54033582171204
