354.0 2.240537263892995
368.2 2.1461768791955
382.4 2.2166009576878483
396.4 2.218697868367985
410.4 2.4049479645289886
424.2 2.721946833996504
438.1 2.9660084002152214
451.8 3.208864722082481
465.5 3.341875532674058
479.1 3.4588374090147918
492.7 3.6479974953569045
506.1 4.217704714184585
519.6 5.630764113605082
532.9 7.178661644529253
546.2 7.90499636482442
559.4 8.06867496734097
572.6 7.408348356883749
585.7 6.933354299923457
598.7 6.851287387242106
611.6 6.625864172304556
624.4 6.40576239407256
637.2 6.36981380132143
649.9 5.92815017028195
662.5 5.550602731596575
674.9 5.4086903076395405
687.3 6.4898164862525265
699.6 10.93703846083574
711.8 17.281125322635294
723.9 24.333917715375
735.9 30.149042971282697
747.7 33.36310514052099
759.5 34.59113274046103
771.1 35.59115899149312
782.6 36.09484599776351
794.0 36.489701165097735
805.3 36.91610179458812
816.5 37.01380285433713
827.5 37.462667071772685
838.5 37.981453153184844
849.2 38.34717231313659
859.9 38.640561278427946
870.4 38.918852292667616
880.8 39.13187233251395
891.0 39.19284459147424
901.0 39.07209836493681
911.0 38.940222483302314
920.7 39.289337860102705
930.3 37.17291148659753
939.7 37.40946226066739
948.9 36.925416335706586
957.9 36.66060079842914
966.7 37.38759863396751
975.2 37.189035829780984
992.9 39.863681715986964
1028.2 41.55732020953605
1063.5 42.73505702005445
1098.8 42.77767350777638
1133.9 39.80721458833499
1169.0 37.905858790759396
1204.0 37.95535422384951
1239.0 39.29576002415402
