354.0 2.285885886447627
368.2 2.194670365248593
382.4 2.272779292976288
396.4 2.282807342868328
410.4 2.4745745248827986
424.2 2.797405287946429
438.1 3.052323472526645
451.8 3.3032070635338804
465.5 3.439560499936779
479.1 3.5606240809859284
492.7 3.7578050086119816
506.1 4.333665237647832
519.6 5.7410856809641
532.9 7.284288520391635
546.2 8.019969374240477
559.4 8.200411804006979
572.6 7.565956880582438
585.7 7.110511266562861
598.7 7.038793175094118
611.6 6.822989280984169
624.4 6.61106358104916
637.2 6.581535760701159
649.9 6.154520778763027
662.5 5.787477746932866
674.9 5.651921398196774
687.3 6.7287119809985745
699.6 11.129826548912835
711.8 17.39315690078829
723.9 24.350137895795864
735.9 30.221028392532265
747.7 33.481063386969424
759.5 34.721869811661534
771.1 35.72998340790193
782.6 36.2357010338133
794.0 36.631210619790714
805.3 37.05938733799214
816.5 37.15430085405966
827.5 37.60733965705725
838.5 38.131222310480375
849.2 38.50116621069629
859.9 38.79655190641579
870.4 39.077243816691464
880.8 39.29116154218358
891.0 39.35136958211753
901.0 39.227391088328616
911.0 39.09186981166163
920.7 39.4455000160563
930.3 37.298646350109436
939.7 37.53994135247186
948.9 37.03934289008176
957.9 36.77420732854225
966.7 37.507528945308614
975.2 37.31287960777507
992.9 39.997105843263675
1028.2 41.7105677483062
1063.5 42.89802450633991
1098.8 42.93235595803568
1133.9 39.90713620800409
1169.0 37.965803779908235
1204.0 38.00793094200653
1239.0 39.36555364572825
