354.0 2.2851511819827066
368.2 2.1958858677909965
382.4 2.2750311151480465
396.4 2.287489455645758
410.4 2.4809763291957174
424.2 2.805541191011827
438.1 3.0616163629369426
451.8 3.313032020978895
465.5 3.449663839942285
479.1 3.5709057175749384
492.7 3.7687893052137666
506.1 4.344591786301803
519.6 5.744191886229917
532.9 7.293097208148124
546.2 8.03159111475374
559.4 8.20828361264902
572.6 7.568533512422837
585.7 7.12247537394063
598.7 7.055206405275422
611.6 6.845070814715931
624.4 6.637628065641434
637.2 6.610394402786615
649.9 6.185346389592418
662.5 5.818987261466118
674.9 5.682345551459954
687.3 6.760015794518366
699.6 11.138188835643698
711.8 17.443204614568245
723.9 24.49019969530563
735.9 30.43615384272355
747.7 33.736127074551575
759.5 34.98911890666779
771.1 36.006552899602724
782.6 36.51434667658065
794.0 36.91068030664718
805.3 37.339875259094704
816.5 37.43133678032741
827.5 37.886775760411034
838.5 38.41410712595675
849.2 38.78607379835491
859.9 39.082913953908125
870.4 39.362854524359285
880.8 39.57604408358044
891.0 39.633406996328986
901.0 39.505762709437484
911.0 39.36698559626056
920.7 39.72038361700984
930.3 37.540228889785524
939.7 37.78204698831146
948.9 37.27447744646316
957.9 37.013761085126944
966.7 37.753729079816985
975.2 37.55125771436049
992.9 40.27100900159439
1028.2 41.99850150786398
1063.5 43.191197566557136
1098.8 43.21181221671841
1133.9 40.146696236336965
1169.0 38.17156356613983
1204.0 38.20889722222105
1239.0 39.57428979771459
