354.0 2.2836459289883826
368.2 2.192430856845757
382.4 2.2704483894699115
396.4 2.2804248837820884
410.4 2.472205517553485
424.2 2.795053117149514
438.1 3.0498731102551777
451.8 3.3007617481631746
465.5 3.43710981582449
479.1 3.558153275961288
492.7 3.755406771307617
506.1 4.331886155509911
519.6 5.7403584372345255
532.9 7.282523303042914
546.2 8.017693592351288
559.4 8.197979731121075
572.6 7.563893197414351
585.7 7.108850866691552
598.7 7.037241844925973
611.6 6.821856290191538
624.4 6.610405448610173
637.2 6.5807486726218185
649.9 6.15273785590847
662.5 5.784696817596502
674.9 5.648449844877545
687.3 6.726467377501689
699.6 11.126582616826205
711.8 17.388557504297612
723.9 24.345679887950016
735.9 30.210196801075757
747.7 33.46623028976993
759.5 34.7055072605174
771.1 35.71309090433404
782.6 36.218809609213935
794.0 36.61440371346367
805.3 37.0425659944504
816.5 37.13777958089875
827.5 37.59077864476818
838.5 38.11452831409384
849.2 38.48452159818303
859.9 38.7799810279363
870.4 39.060590242985356
880.8 39.274864822194644
891.0 39.335056581932875
901.0 39.21121924948649
911.0 39.07552405029451
920.7 39.42932408895112
930.3 37.28303575192663
939.7 37.5246377015011
948.9 37.02170243878434
957.9 36.75730997485569
966.7 37.48925550472211
975.2 37.29614527204413
992.9 39.97817581963635
1028.2 41.69179452870127
1063.5 42.87930729917411
1098.8 42.913228224225335
1133.9 39.88774014942755
1169.0 37.94541338919927
1204.0 37.987661491332226
1239.0 39.34437664497327
