354.0 2.2841744922866978
368.2 2.1929477780233526
382.4 2.2709632197478196
396.4 2.2809348920601478
410.4 2.472725390001739
424.2 2.795559164755611
438.1 3.0503562520192617
451.8 3.3012258558485668
465.5 3.4376722219364306
479.1 3.5588103535816633
492.7 3.756172570594993
506.1 4.332819971636869
519.6 5.741559505999362
532.9 7.28399705385266
546.2 8.019386730397338
559.4 8.199852537602634
572.6 7.565866564775123
585.7 7.1109434952563815
598.7 7.0395252860170014
611.6 6.824295752536127
624.4 6.612979431343917
637.2 6.583501893924557
649.9 6.155538171690461
662.5 5.787539039846785
674.9 5.65133974120541
687.3 6.7299337544901965
699.6 11.131464591123548
711.8 17.394752311285384
723.9 24.35302089784026
735.9 30.21832947396127
747.7 33.47490799710366
759.5 34.71470856179087
771.1 35.72272699808067
782.6 36.22891099137921
794.0 36.624989555669636
805.3 37.05362171970431
816.5 37.14941586561894
827.5 37.60280981460955
838.5 38.12699648071272
849.2 38.49738952737917
859.9 38.79318207365248
870.4 39.0742447036186
880.8 39.28892116383309
891.0 39.34958960563368
901.0 39.22629606151283
911.0 39.09101501325893
920.7 39.44505649996269
930.3 37.298193900123024
939.7 37.54035297002343
948.9 37.037309576167765
957.9 36.77331732123901
966.7 37.50583516969535
975.2 37.31297670563021
992.9 39.99717765204105
1028.2 41.71251513045589
1063.5 42.901869308847786
1098.8 42.9379433071421
1133.9 39.91352157090216
1169.0 37.97114935998738
1204.0 38.01430732255664
1239.0 39.37213580491754
