354.0 2.285278105018504
368.2 2.1947093569682505
382.4 2.2735401646826516
396.4 2.284438412597104
410.4 2.4770063716000736
424.2 2.7999086673443934
438.1 3.0548784032887637
451.8 3.3062032122409057
465.5 3.442782131162555
479.1 3.5642596925222874
492.7 3.762000102593451
506.1 4.3378335260082395
519.6 5.742130832570253
532.9 7.287702654463316
546.2 8.02369731091535
559.4 8.201548099666805
572.6 7.568971022108756
585.7 7.118676974329327
598.7 7.049283147082558
611.6 6.836723780856415
624.4 6.627646023819874
637.2 6.599258071056086
649.9 6.173040348183726
662.5 5.8064959897061215
674.9 5.6706414355012695
687.3 6.749717219919602
699.6 11.148868934721413
711.8 17.397796992946038
723.9 24.37521614114059
735.9 30.283947902252294
747.7 33.56855609289487
759.5 34.81406635900443
771.1 35.828671538283295
782.6 36.33454541611246
794.0 36.72871749692124
805.3 37.156097573162874
816.5 37.24843061896296
827.5 37.7005379289572
838.5 38.225193124257544
849.2 38.59535644206017
859.9 38.89068478739446
870.4 39.170061015456525
880.8 39.383125571910284
891.0 39.44172433068074
901.0 39.31324420692586
911.0 39.174430608649494
920.7 39.53031068746944
930.3 37.372266213886455
939.7 37.61295240382761
948.9 37.105537265247975
957.9 36.83897441594493
966.7 37.571907935401356
975.2 37.37711892157097
992.9 40.05927839119394
1028.2 41.778098190461286
1063.5 42.96610203864084
1098.8 42.992264708204544
1133.9 39.94642351927512
1169.0 37.99106138745363
1204.0 38.02973560413452
1239.0 39.388702899764574
