354.0 2.2969349467256523
368.2 2.2055187357626447
382.4 2.2858795231105247
396.4 2.298245861032981
410.4 2.492645502402931
424.2 2.817396951644597
438.1 3.074153951460839
451.8 3.3272639021159893
465.5 3.465563633143457
479.1 3.588281778937619
492.7 3.7882352526679566
506.1 4.368509516756892
519.6 5.780761578547504
532.9 7.326506416378081
546.2 8.066092573480148
559.4 8.249677587615022
572.6 7.617542252152039
585.7 7.163025070010036
598.7 7.091328065677693
611.6 6.876866389281527
624.4 6.666597840028556
637.2 6.63872664621115
649.9 6.212916508714146
662.5 5.8447400332946975
674.9 5.707140653370462
687.3 6.788047518700437
699.6 11.173038128570866
711.8 17.394599600596443
723.9 24.41642380588938
735.9 30.329188042444873
747.7 33.60717915693288
759.5 34.8534678471664
771.1 35.8643309313364
782.6 36.37016573024298
794.0 36.76530569398556
805.3 37.19297452982053
816.5 37.28857835198752
827.5 37.740825391649544
838.5 38.26345216523307
849.2 38.63327013923903
859.9 38.927351215829454
870.4 39.20667206259888
880.8 39.42101928968633
891.0 39.48007589090402
901.0 39.35456997022807
911.0 39.21746098936334
920.7 39.571908022887115
930.3 37.42281434296671
939.7 37.670126746594875
948.9 37.16806173292688
957.9 36.88863961714665
966.7 37.63113096816551
975.2 37.425811325745094
992.9 40.11183196053629
1028.2 41.821546318215255
1063.5 43.00552568342396
1098.8 43.03742435303134
1133.9 40.00895897065066
1169.0 38.053175469805744
1204.0 38.0892512125493
1239.0 39.44576325974116
