354.0 2.2887223000750634
368.2 2.196872722002146
382.4 2.274144807710451
396.4 2.2825769013944526
410.4 2.4737853418675217
424.2 2.799445579713456
438.1 3.055664002908743
451.8 3.3081528782119833
465.5 3.44551427314035
479.1 3.567372690116793
492.7 3.765655054032401
506.1 4.342647308353303
519.6 5.74538620618745
532.9 7.290625553133597
546.2 8.033698826227404
559.4 8.214259214890383
572.6 7.572494007818676
585.7 7.110476963495586
598.7 7.043492239300301
611.6 6.833062120903848
624.4 6.626361550399442
637.2 6.600588305851852
649.9 6.1793779993602
662.5 5.813333315060893
674.9 5.677432003560405
687.3 6.753215370140377
699.6 11.13557762289053
711.8 17.442731026894293
723.9 24.41523504677248
735.9 30.275317940348266
747.7 33.52303157526333
759.5 34.75435146068882
771.1 35.7621084286115
782.6 36.26609221136514
794.0 36.659795799787304
805.3 37.08643346780941
816.5 37.181256356132046
827.5 37.632287182673515
838.5 38.15628688718845
849.2 38.526417546048116
859.9 38.82127818759504
870.4 39.101745670622705
880.8 39.315410028395064
891.0 39.374514292989545
901.0 39.25101834730113
911.0 39.11193886902059
920.7 39.465285279237094
930.3 37.3258919557586
939.7 37.55797987258079
948.9 37.054466527705664
957.9 36.78790879840849
966.7 37.52703899682386
975.2 37.33128557472226
992.9 39.9979990791114
1028.2 41.71186812476667
1063.5 42.89921423949811
1098.8 42.929555495942374
1133.9 39.90852023712464
1169.0 37.951194806349136
1204.0 37.99713680027574
1239.0 39.35276123523971
