354.0 2.281021138279894
368.2 2.1899550007165978
382.4 2.268088059227876
396.4 2.278602545291206
410.4 2.4706928519693294
424.2 2.793511403876517
438.1 3.0483372116533354
451.8 3.2992888220717917
465.5 3.4360436379216
479.1 3.5575669979758016
492.7 3.7552734242440664
506.1 4.331804874904473
519.6 5.738670300975743
532.9 7.2786043174681065
546.2 8.013695458882795
559.4 8.195353444217625
572.6 7.564451636094406
585.7 7.107544065206064
598.7 7.034279373645718
611.6 6.8170220009940525
624.4 6.60381599032311
637.2 6.572810837054641
649.9 6.143573688616822
662.5 5.774570397480527
674.9 5.6381421354291295
687.3 6.714666539169379
699.6 11.119098784725171
711.8 17.38396167860915
723.9 24.321276634273804
735.9 30.168122103158595
747.7 33.415133160141494
759.5 34.65234216764723
771.1 35.65942526980763
782.6 36.16599780282808
794.0 36.562746929577635
805.3 36.99205976670858
816.5 37.088870960042335
827.5 37.54305637641042
838.5 38.067621653561226
849.2 38.43846353984667
859.9 38.73520217448404
870.4 39.01678760112253
880.8 39.2321794694348
891.0 39.29368664827659
901.0 39.171589766409724
911.0 39.036841320341175
920.7 39.391453368952185
930.3 37.24767094233759
939.7 37.49072246545779
948.9 36.992383481627556
957.9 36.727682693107724
966.7 37.46034474942161
975.2 37.267739070591716
992.9 39.948374658988584
1028.2 41.66153679233031
1063.5 42.84917065990214
1098.8 42.88537293816355
1133.9 39.86821676378795
1169.0 37.932611508879475
1204.0 37.97664042965424
1239.0 39.33286546431678
