354.0 2.2837925035701034
368.2 2.192536474245932
382.4 2.2705312471744286
396.4 2.2804707053486193
410.4 2.4722477921092803
424.2 2.7950608401267116
438.1 3.0498306817549987
451.8 3.300670791674682
465.5 3.4369793900148595
479.1 3.5579911345412962
492.7 3.7552003846269653
506.1 4.331612003504646
519.6 5.7401076532610285
532.9 7.2824623031622675
546.2 8.017674398419864
559.4 8.197868331129719
572.6 7.563522680016627
585.7 7.108316738375239
598.7 7.036598274813154
611.6 6.821113641905787
624.4 6.609574885193907
637.2 6.579833395851291
649.9 6.151814406192471
662.5 5.783823669385705
674.9 5.647654416678527
687.3 6.725544250442278
699.6 11.125788734107317
711.8 17.389382871111316
723.9 24.349040312389572
735.9 30.213502820581986
747.7 33.469451952009706
759.5 34.70853710521888
771.1 35.71625942452407
782.6 36.22200721574416
794.0 36.617595358415954
805.3 37.04577240663572
816.5 37.14087756754079
827.5 37.59392120200345
838.5 38.11775500696426
849.2 38.48779940430318
859.9 38.78327633188723
870.4 39.06387456486332
880.8 39.27815099037355
891.0 39.33827431382637
901.0 39.21430507704758
911.0 39.07848867175833
920.7 39.432302296110436
930.3 37.28565715542635
939.7 37.52718906296193
948.9 37.02429072888122
957.9 36.75986272706613
966.7 37.49216014488888
975.2 37.29895686187792
992.9 39.98095425385349
1028.2 41.694687155771284
1063.5 42.88220542918914
1098.8 42.915918150498335
1133.9 39.89014345926605
1169.0 37.94812544320111
1204.0 37.99039281185128
1239.0 39.34718952884033
