354.0 2.2910299974299844
368.2 2.197636152066912
382.4 2.2745943292024315
396.4 2.282945545302094
410.4 2.4751509415211106
424.2 2.7992267631659287
438.1 3.0541460291414433
451.8 3.305180027921771
465.5 3.4414562287755452
479.1 3.562090066276083
492.7 3.7584384753016535
506.1 4.335963298775975
519.6 5.749564750294044
532.9 7.297589028945442
546.2 8.03254439900686
559.4 8.209545697913505
572.6 7.567942036459477
585.7 7.111753785976685
598.7 7.043499185992658
611.6 6.830992466299328
624.4 6.621929672656145
637.2 6.5941604477719435
649.9 6.167256397380627
662.5 5.801451536256212
674.9 5.665841054623887
687.3 6.744531287573893
699.6 11.137709949528887
711.8 17.406810775101338
723.9 24.410944830835977
735.9 30.3255492553471
747.7 33.61044048122597
759.5 34.860984073833855
771.1 35.871490546696194
782.6 36.37730641279371
794.0 36.773110244195934
805.3 37.20200403724378
816.5 37.290214838350174
827.5 37.74760026249097
838.5 38.27408406949974
849.2 38.645870252058444
859.9 38.94124985279021
870.4 39.223771167421944
880.8 39.43616911876573
891.0 39.492333991026904
901.0 39.36432676408086
911.0 39.22699951274147
920.7 39.58059794792456
930.3 37.40874152722502
939.7 37.65174724600356
948.9 37.154941518556605
957.9 36.88250143045714
966.7 37.63093190305812
975.2 37.43696941068108
992.9 40.17253362512552
1028.2 41.8914906079848
1063.5 43.0807484582265
1098.8 43.11008753500048
1133.9 40.03559643975716
1169.0 38.09345623402467
1204.0 38.13980765938512
1239.0 39.50381428919305
