354.0 2.3051160027541178
368.2 2.211692614894464
382.4 2.2864094094667355
396.4 2.293947170837733
410.4 2.4895299323779416
424.2 2.820626356893196
438.1 3.0800669506998988
451.8 3.333865610909141
465.5 3.470310643591095
479.1 3.590452149557398
492.7 3.785323685439861
506.1 4.363036041136882
519.6 5.78043268353181
532.9 7.3333231358859425
546.2 8.067835943598672
559.4 8.242760033866443
572.6 7.596077538975013
585.7 7.136116858016433
598.7 7.064935177746386
611.6 6.851841125522955
624.4 6.645508206273805
637.2 6.621624290309769
649.9 6.1944452571084945
662.5 5.823013266275317
674.9 5.684254118602617
687.3 6.775535063951805
699.6 11.230820204330755
711.8 17.58309478736598
723.9 24.66666432507469
735.9 30.665849712683396
747.7 34.00153075240821
759.5 35.27108092479216
771.1 36.29318482224169
782.6 36.80329031800257
794.0 37.201904650873026
805.3 37.6343801248459
816.5 37.715985936024616
827.5 38.18014040255785
838.5 38.71212556890264
849.2 39.08660236640991
859.9 39.38238249713768
870.4 39.66946634807627
880.8 39.879584692190754
891.0 39.93122690056517
901.0 39.80177968908651
911.0 39.65674971606772
920.7 40.013362725403674
930.3 37.81692899311451
939.7 38.0490089547317
948.9 37.534182968572374
957.9 37.264067546303636
966.7 38.013900343630034
975.2 37.818551348473115
992.9 40.614631983369954
1028.2 42.35586737899603
1063.5 43.556927793305775
1098.8 43.57921505061854
1133.9 40.42734397149573
1169.0 38.46654671610269
1204.0 38.51108268566721
1239.0 39.8867746387945
