354.0 2.286395660625296
368.2 2.1948561116884395
382.4 2.2726724133218656
396.4 2.282193005492815
410.4 2.473783217154523
424.2 2.7966513887760263
438.1 3.051481993612234
451.8 3.302424609544335
465.5 3.4387647783918673
479.1 3.559784595674471
492.7 3.7569567478781694
506.1 4.3341116685824375
519.6 5.746035160724991
532.9 7.292433235876747
546.2 8.02878615815039
559.4 8.208203010345175
572.6 7.5705097437342035
585.7 7.112869554374535
598.7 7.040139585728047
611.6 6.823156299224226
624.4 6.611765190294215
637.2 6.582696256028309
649.9 6.155816420037644
662.5 5.788567808793873
674.9 5.652443411391965
687.3 6.729692022635735
699.6 11.132858183701494
711.8 17.412951605943395
723.9 24.393645758469482
735.9 30.278451228598474
747.7 33.54490617828105
759.5 34.7872928785266
771.1 35.79720430650304
782.6 36.30364132272698
794.0 36.699558607296694
805.3 37.12804215068559
816.5 37.222842770596245
827.5 37.67630442892262
838.5 38.20077901193185
849.2 38.57114778718496
859.9 38.86698787040409
870.4 39.14755481848334
880.8 39.36170784266438
891.0 39.42137939123645
901.0 39.29679072935141
911.0 39.159726795197265
920.7 39.513537582750786
930.3 37.36003628139311
939.7 37.59955445903755
948.9 37.09612967823649
957.9 36.83307953351492
966.7 37.564378171274036
975.2 37.37124496437559
992.9 40.0563154486161
1028.2 41.77359272354901
1063.5 42.962505012042065
1098.8 42.993771250349184
1133.9 39.95788324874586
1169.0 38.00790116103907
1204.0 38.048981979946184
1239.0 39.406955098807096
