354.0 2.2748299221906563
368.2 2.18337807803778
382.4 2.261050729906478
396.4 2.271305918843412
410.4 2.462845712730391
424.2 2.784922202057457
438.1 3.0389432561104237
451.8 3.2892027751800454
465.5 3.425485215063752
479.1 3.5464046939092295
492.7 3.7442225975472274
506.1 4.318102729963582
519.6 5.723566631133977
532.9 7.259069840268644
546.2 7.990860156189787
559.4 8.170521347651437
572.6 7.53888494376498
585.7 7.085840670592688
598.7 7.0147056475446306
611.6 6.800341454820626
624.4 6.589993986016902
637.2 6.560548338757821
649.9 6.13427922604226
662.5 5.76711695204744
674.9 5.631111688534198
687.3 6.705849667628145
699.6 11.091497454991998
711.8 17.329480577212323
723.9 24.258915206815384
735.9 30.094891795371844
747.7 33.3340149443131
759.5 34.56833482539992
771.1 35.57073212919444
782.6 36.07514029678553
794.0 36.47003685481697
805.3 36.89683833283989
816.5 36.993327656660774
827.5 37.444405377673625
838.5 37.96584822479107
849.2 38.33406190223253
859.9 38.628426094956495
870.4 38.9086416391591
880.8 39.12193677113561
891.0 39.18246913644299
901.0 39.06062151848664
911.0 38.926468539832584
920.7 39.27842176482379
930.3 37.144344419045936
939.7 37.38341594316494
948.9 36.880169116188156
957.9 36.62106261423754
966.7 37.34752061681938
975.2 37.15591053049914
992.9 39.83243449538151
1028.2 41.54043229185034
1063.5 42.724593930769785
1098.8 42.761140556625904
1133.9 39.744577283779236
1169.0 37.81132680020989
1204.0 37.85303816343238
1239.0 39.20415519240953
