354.0 2.3077349384845416
368.2 2.217082504504853
382.4 2.2944912601349365
396.4 2.303519171783872
410.4 2.4951782845991506
424.2 2.8204460532437388
438.1 3.0783050662582427
451.8 3.331370425873331
465.5 3.468829870923626
479.1 3.590688767721009
492.7 3.7890749780140496
506.1 4.366300048597704
519.6 5.774715483063377
532.9 7.3156315156823295
546.2 8.052787405296934
559.4 8.236207009767922
572.6 7.6084923060890155
585.7 7.157712242795011
598.7 7.089318273576925
611.6 6.875313023482154
624.4 6.664740503095309
637.2 6.637382436885446
649.9 6.210168098925575
662.5 5.839454242901882
674.9 5.699427411342402
687.3 6.778391508334179
699.6 11.178271637944958
711.8 17.410642863527137
723.9 24.413220566353836
735.9 30.371168749775098
747.7 33.688123851856886
759.5 34.96772818363298
771.1 35.97297221248165
782.6 36.48483921623958
794.0 36.888307409600195
805.3 37.32080176519399
816.5 37.4292679450328
827.5 37.883211421968646
838.5 38.4077033283805
849.2 38.78023075809326
859.9 39.07849552259903
870.4 39.36453349508198
880.8 39.58316504551555
891.0 39.64797963902989
901.0 39.531310287667544
911.0 39.40480227985653
920.7 39.75521141519381
930.3 37.610618537009486
939.7 37.86629672122737
948.9 37.34174497124896
957.9 37.080741558194674
966.7 37.808784607370534
975.2 37.6108042076012
992.9 40.31320633850092
1028.2 42.03955772279576
1063.5 43.239428925151294
1098.8 43.28966866285039
1133.9 40.26007779818777
1169.0 38.2761870023763
1204.0 38.316322797683505
1239.0 39.68117396414823
