354.0 2.2754756063110326
368.2 2.184183845306173
382.4 2.26205074945138
396.4 2.2718695002679046
410.4 2.4644868262132267
424.2 2.788427020295248
438.1 3.043322190539472
451.8 3.2940417936658375
465.5 3.430257135242998
479.1 3.5511268804209983
492.7 3.7481524497162617
506.1 4.325061680895484
519.6 5.734526023756366
532.9 7.2770189211743475
546.2 8.011548896247856
559.4 8.191124183617234
572.6 7.555923335662194
585.7 7.100184133764254
598.7 7.028713820379683
611.6 6.813036832745422
624.4 6.601354163045545
637.2 6.571563822557088
649.9 6.142337549535814
662.5 5.773292525698026
674.9 5.636321080255134
687.3 6.715094230317708
699.6 11.118172769633068
711.8 17.382534979541937
723.9 24.342814943728396
735.9 30.206948616499357
747.7 33.461167520254534
759.5 34.70117021705825
771.1 35.70764934199934
782.6 36.21380786292039
794.0 36.61035998934023
805.3 37.039102032270954
816.5 37.134931858760616
827.5 37.58875032111906
838.5 38.112231998634876
849.2 38.48286637077704
859.9 38.77845273381953
870.4 39.05977829876002
880.8 39.27407290079767
891.0 39.33431366744103
901.0 39.20977560195621
911.0 39.075973320420445
920.7 39.427823755284884
930.3 37.280492508278876
939.7 37.52135955665307
948.9 37.02007858286328
957.9 36.75191823051276
966.7 37.48296383126671
975.2 37.288179605531
992.9 39.97293811774239
1028.2 41.68968228056076
1063.5 42.88036124385354
1098.8 42.91393354596109
1133.9 39.87962150858746
1169.0 37.92631587442459
1204.0 37.96714911886321
1239.0 39.32336176363662
