354.0 2.2786312705171006
368.2 2.1873207919672097
382.4 2.265099649222734
396.4 2.275413758140132
410.4 2.46811239677223
424.2 2.79186608903458
438.1 3.04721270620661
451.8 3.298535849779543
465.5 3.4353896864233646
479.1 3.5568635519434704
492.7 3.7545693687841277
506.1 4.33188803629252
519.6 5.740647346601104
532.9 7.282717819891103
546.2 8.017943909373457
559.4 8.198143823112694
572.6 7.563983892121309
585.7 7.109171868425967
598.7 7.037810585428989
611.6 6.822432187590787
624.4 6.611055053630252
637.2 6.581147091579676
649.9 6.15263531351689
662.5 5.784699401802677
674.9 5.6485198019683684
687.3 6.7265604166550474
699.6 11.126803176551695
711.8 17.385681848082854
723.9 24.336210870192073
735.9 30.191723431857906
747.7 33.44164787478443
759.5 34.67894459503482
771.1 35.685008518267715
782.6 36.190369491856885
794.0 36.585893852416284
805.3 37.013718728646495
816.5 37.10999500754767
827.5 37.562485931628906
838.5 38.08531165355619
849.2 38.454997544638786
859.9 38.7503188317647
870.4 39.03076466509475
880.8 39.24535134001935
891.0 39.305816170883915
901.0 39.18299678146816
911.0 39.04815932274142
920.7 39.40171796547587
930.3 37.259954888019756
939.7 37.50345146396835
948.9 37.000332322052316
957.9 36.736223143015344
966.7 37.46823487981491
975.2 37.274912664465475
992.9 39.95135614618973
1028.2 41.662454269071326
1063.5 42.84915274265045
1098.8 42.885643068614044
1133.9 39.871190201695946
1169.0 37.933241191893906
1204.0 37.976084219961656
1239.0 39.3322384897499
