354.0 2.27718421733725
368.2 2.1869591815452547
382.4 2.266268759391523
396.4 2.278566912256169
410.4 2.472501574775781
424.2 2.7938013287693106
438.1 3.047602170809929
451.8 3.2977028205927206
465.5 3.4331035944913313
479.1 3.553454165180707
492.7 3.749455187310945
506.1 4.324906042736606
519.6 5.734755068062422
532.9 7.280852116052953
546.2 8.017101355539385
559.4 8.195802642936753
572.6 7.556206945618321
585.7 7.097010196965923
598.7 7.02326187009577
611.6 6.805563673425548
624.4 6.591965347772221
637.2 6.560766554859356
649.9 6.13131769502129
662.5 5.762268513942304
674.9 5.626418223121917
687.3 6.703568930095327
699.6 11.113711143653253
711.8 17.370128579942598
723.9 24.286085610636064
735.9 30.11488362040481
747.7 33.35208575040008
759.5 34.58573140144513
771.1 35.591637410736226
782.6 36.09795211446101
794.0 36.49471330723821
805.3 36.923876155101354
816.5 37.022576333174285
827.5 37.475237236139385
838.5 37.99816368608672
849.2 38.36846344515602
859.9 38.66437217101855
870.4 38.94548388581226
880.8 39.160568057744214
891.0 39.22351883814389
901.0 39.10383662856245
911.0 38.970819274600075
920.7 39.32394556392684
930.3 37.18800361062859
939.7 37.42783526676458
948.9 36.924375006281345
957.9 36.66363419130272
966.7 37.39772188290855
975.2 37.20540754930609
992.9 39.870769747735196
1028.2 41.58209748264625
1063.5 42.76944917788732
1098.8 42.80727169263324
1133.9 39.80178079557029
1169.0 37.87221567106778
1204.0 37.92065301873002
1239.0 39.270345109946184
