354.0 2.2803984916942124
368.2 2.18919336140459
382.4 2.2670043242415288
396.4 2.2766582735778838
410.4 2.4682352685698867
424.2 2.7906937272334913
438.1 3.044995172396512
451.8 3.2955529694500836
465.5 3.431706878138787
479.1 3.5526460169209866
492.7 3.7495307479950837
506.1 4.325143196642695
519.6 5.731538095753181
532.9 7.271410651465693
546.2 8.005529594270644
559.4 8.185715526621834
572.6 7.552939448373346
585.7 7.098971146854593
598.7 7.027948518923041
611.6 6.813275209057639
624.4 6.602345547301686
637.2 6.572992880537737
649.9 6.145470293253836
662.5 5.777717005527514
674.9 5.641598387903804
687.3 6.719409350740732
699.6 11.118996147940273
711.8 17.380394070567316
723.9 24.334193589700394
735.9 30.19297456125759
747.7 33.44525476050935
759.5 34.68364933443854
771.1 35.691389715145526
782.6 36.19774851023794
794.0 36.594302714707815
805.3 37.02318712060065
816.5 37.11986615231794
827.5 37.57362875447989
838.5 38.097625487077416
849.2 38.46820223818349
859.9 38.76402905026101
870.4 39.04549674206497
880.8 39.260406799405914
891.0 39.321710942904254
901.0 39.19894777167512
911.0 39.06403085434799
920.7 39.41814293716663
930.3 37.273244973892
939.7 37.515904888966126
948.9 37.013007413463285
957.9 36.75031139437105
966.7 37.48278880708717
975.2 37.29031744140421
992.9 39.97134349932884
1028.2 41.68355230349753
1063.5 42.87033459136972
1098.8 42.90525412573696
1133.9 39.88438394317856
1169.0 37.94438313022543
1204.0 37.987068859338336
1239.0 39.342867240337156
