354.0 2.2839420160312214
368.2 2.1927305532426034
382.4 2.2707616031630087
396.4 2.280762081752779
410.4 2.4725810467178553
424.2 2.79546120220317
438.1 3.0503114563835276
451.8 3.301221896045606
465.5 3.4375867419361197
479.1 3.558648315328164
492.7 3.7559223565473534
506.1 4.332439101911466
519.6 5.741075739649249
532.9 7.283498952380347
546.2 8.018802703468577
559.4 8.199107938185092
572.6 7.564869302053217
585.7 7.109720321977206
598.7 7.038054787972992
611.6 6.822601817513877
624.4 6.611087800111455
637.2 6.581391981930477
649.9 6.153362942087106
662.5 5.785332657910343
674.9 5.6491199986473
687.3 6.727151048567695
699.6 11.127598515244504
711.8 17.39060720342046
723.9 24.34927717711107
735.9 30.21521148099942
747.7 33.472040509402134
759.5 34.71158816981129
771.1 35.719318431549254
782.6 36.2250768136581
794.0 36.62068329919391
805.3 37.04886551765078
816.5 37.14402042933938
827.5 37.5970497461847
838.5 38.120837110126025
849.2 38.49083768443375
859.9 38.78629246483232
870.4 39.066898136765516
880.8 39.28114147757984
891.0 39.3412937570247
901.0 39.21735612371555
911.0 39.08159802876066
920.7 39.43538615844552
930.3 37.2887209913602
939.7 37.53023526691099
948.9 37.02720279137319
957.9 36.76280755398582
966.7 37.49477503058905
975.2 37.3015906584782
992.9 39.98400023285108
1028.2 41.69778702248469
1063.5 42.885361654649294
1098.8 42.9191484442829
1133.9 39.89294490142986
1169.0 37.95020597721706
1204.0 37.99232343603425
1239.0 39.34914088256453
