354.0 2.2758776008873145
368.2 2.184320533082318
382.4 2.2620103347078033
396.4 2.27177562877863
410.4 2.4634657891808964
424.2 2.7855062145929788
438.1 3.0392700735566405
451.8 3.289469712452546
465.5 3.4253852738604906
479.1 3.546028921281763
492.7 3.7428482393731346
506.1 4.3190904563418595
519.6 5.727734821316723
532.9 7.270379545068369
546.2 8.005006017749803
559.4 8.18425109329633
572.6 7.5479798852267335
585.7 7.091333008814342
598.7 7.018385238950931
611.6 6.802258581062848
624.4 6.590165555100868
637.2 6.559645336576569
649.9 6.131134064198974
662.5 5.7634442625735
674.9 5.627796680244051
687.3 6.704312952223658
699.6 11.10276983016744
711.8 17.3714152947457
723.9 24.34741900810325
735.9 30.186371589624173
747.7 33.42386653897801
759.5 34.65208476532794
771.1 35.65885987877439
782.6 36.162890943492386
794.0 36.55671092753898
805.3 36.98400193003505
816.5 37.07689528965586
827.5 37.52929793213315
838.5 38.05293200741443
849.2 38.42205186018002
859.9 38.717421058023916
870.4 38.99662243920541
880.8 39.2100682857488
891.0 39.26928186622122
901.0 39.144673915998716
911.0 39.005890056215044
920.7 39.36093236707127
930.3 37.215165406466504
939.7 37.45357959479616
948.9 36.95575371793777
957.9 36.69209679072297
966.7 37.42572098668583
975.2 37.23469152855906
992.9 39.90868058213478
1028.2 41.617092450491945
1063.5 42.80007721784698
1098.8 42.830132027708366
1133.9 39.81385845794412
1169.0 37.88795533295805
1204.0 37.93255340386212
1239.0 39.28612570936436
