354.0 2.289025936820269
368.2 2.197803434908392
382.4 2.276501995485552
396.4 2.2867589178045353
410.4 2.479106515310317
424.2 2.8032089281729506
438.1 3.059554828961363
451.8 3.311670676217192
465.5 3.448773937438511
479.1 3.5705287527953535
492.7 3.7687201719965686
506.1 4.346318809048845
519.6 5.753658882803072
532.9 7.294134148847955
546.2 8.03085284708033
559.4 8.21407025884011
572.6 7.584758666982215
585.7 7.132817383230516
598.7 7.063191821653545
611.6 6.849489019282981
624.4 6.63924550348805
637.2 6.610835740560935
649.9 6.183250510032702
662.5 5.814551949455552
674.9 5.677515860200229
687.3 6.75878364396721
699.6 11.165665140158788
711.8 17.425723967883677
723.9 24.370903051872634
735.9 30.217847901913355
747.7 33.49079379839136
759.5 34.72794520405533
771.1 35.740744746201344
782.6 36.24345558658029
794.0 36.63421775316233
805.3 37.05898951147399
816.5 37.1440587719866
827.5 37.59831399758822
838.5 38.12179175297088
849.2 38.49290508301981
859.9 38.79123248713203
870.4 39.075269369007785
880.8 39.29331631971108
891.0 39.359806549651644
901.0 39.24491134037543
911.0 39.117497252047535
920.7 39.472173978252016
930.3 37.34737425562332
939.7 37.59335570320883
948.9 37.09132713770507
957.9 36.82287045194381
966.7 37.55322984286373
975.2 37.36079154230201
992.9 40.04743294400245
1028.2 41.764507611850874
1063.5 42.96036976300752
1098.8 43.01534335241177
1133.9 40.01759640752055
1169.0 38.06962169106614
1204.0 38.11484413723971
1239.0 39.47300532208896
