354.0 2.281124089861798
368.2 2.190082368633322
382.4 2.2684899859131282
396.4 2.279048813188681
410.4 2.471676659525416
424.2 2.795089402632456
438.1 3.0501294551644116
451.8 3.3011729609674316
465.5 3.437269884313195
479.1 3.558222005912158
492.7 3.7551899183073143
506.1 4.331612461135702
519.6 5.740156216085308
532.9 7.279585228983389
546.2 8.013614492949056
559.4 8.194372628798464
572.6 7.563084157067532
585.7 7.109243980920576
598.7 7.036605187639143
611.6 6.819807551630293
624.4 6.607214964193719
637.2 6.576923182131482
649.9 6.148012831980678
662.5 5.7794517488771024
674.9 5.6434010313761975
687.3 6.721787480956163
699.6 11.124039693318945
711.8 17.364133735196802
723.9 24.2949287524372
735.9 30.138784804469328
747.7 33.384415327734075
759.5 34.620256964001456
771.1 35.62563620962494
782.6 36.13071536060294
794.0 36.52595680757944
805.3 36.9539925686324
816.5 37.04839368882487
827.5 37.50150442911454
838.5 38.02502612407706
849.2 38.39485149055344
859.9 38.689940893185856
870.4 38.97054907056194
880.8 39.18456182526116
891.0 39.24481864971933
901.0 39.12117983711753
911.0 38.986380099777406
920.7 39.339552527692604
930.3 37.19611076009534
939.7 37.43668818250791
948.9 36.93486973029296
957.9 36.67203214602917
966.7 37.406488518536584
975.2 37.21259705321793
992.9 39.895169469540946
1028.2 41.60680512244848
1063.5 42.793149978278976
1098.8 42.82737020733593
1133.9 39.8055720807312
1169.0 37.872614759861136
1204.0 37.918166197740035
1239.0 39.27169015627195
