354.0 2.280417343255978
368.2 2.1890138712427216
382.4 2.2665605650217224
396.4 2.275771242967036
410.4 2.46693913104698
424.2 2.7888663971685577
438.1 3.042704310598537
451.8 3.292868927296957
465.5 3.4287078438856065
479.1 3.5493685566703945
492.7 3.745964081498479
506.1 4.321263108976721
519.6 5.728574218822409
532.9 7.270591840794235
546.2 8.004980722543399
559.4 8.184147607464682
572.6 7.5484461333636
585.7 7.092481377307252
598.7 7.020033610690632
611.6 6.804013982401487
624.4 6.5921609771280805
637.2 6.561969186218797
649.9 6.134225161926125
662.5 5.766727800775552
674.9 5.631088984502774
687.3 6.707007701543973
699.6 11.103908055360272
711.8 17.37072202149741
723.9 24.340267623190677
735.9 30.21345028693515
747.7 33.46413552608412
759.5 34.70052145001858
771.1 35.70853350655538
782.6 36.214270153319106
794.0 36.60980520483884
805.3 37.03802738608026
816.5 37.13325364763845
827.5 37.58634823257851
838.5 38.11045079373859
849.2 38.48069745688068
859.9 38.77622824367001
870.4 39.057083957274465
880.8 39.2717913041665
891.0 39.33154890575473
901.0 39.20778740826326
911.0 39.07175476572912
920.7 39.425709329003844
930.3 37.28241372527914
939.7 37.52082839584458
948.9 37.022568408489484
957.9 36.75746213583979
966.7 37.48884955830135
975.2 37.29718135485509
992.9 39.975226952775174
1028.2 41.68849085925215
1063.5 42.87546266586176
1098.8 42.909367896508165
1133.9 39.88919304256473
1169.0 37.950002769802175
1204.0 37.99132419537175
1239.0 39.34805940867852
