354.0 2.279247738801607
368.2 2.187767603615891
382.4 2.266095543216878
396.4 2.276561041171018
410.4 2.470317387198252
424.2 2.7948536299137516
438.1 3.047419764187086
451.8 3.2965684264696113
465.5 3.431501714574168
479.1 3.551548099334688
492.7 3.7473989419475005
506.1 4.321367960713493
519.6 5.727198641226275
532.9 7.2686213577491845
546.2 8.002391066003275
559.4 8.18074182609864
572.6 7.54431861447107
585.7 7.0883743421976515
598.7 7.016133561387543
611.6 6.8000696367930376
624.4 6.588261080506793
637.2 6.558287633237062
649.9 6.131672161867364
662.5 5.7644049933618815
674.9 5.62943843182705
687.3 6.703726413426039
699.6 11.098785414412193
711.8 17.373853776656517
723.9 24.33919472143229
735.9 30.1753500294727
747.7 33.414229612858186
759.5 34.64726232784522
771.1 35.651752273891454
782.6 36.15652525094605
794.0 36.55179982058481
805.3 36.97916066964749
816.5 37.07584691744779
827.5 37.52763871380011
838.5 38.04952933577493
849.2 38.41850524027582
859.9 38.713443506181186
870.4 38.993112928479555
880.8 39.20806065265247
891.0 39.26923485270322
901.0 39.1466355286318
911.0 39.012607348303916
920.7 39.365708264959395
930.3 37.22822742458782
939.7 37.472800756601636
948.9 36.96914696843276
957.9 36.708797218840424
966.7 37.43776939110544
975.2 37.24694468529142
992.9 39.915195220312
1028.2 41.62280326110873
1063.5 42.80732930178488
1098.8 42.84461970002772
1133.9 39.84025071766366
1169.0 37.908627687042376
1204.0 37.95203254503711
1239.0 39.30562186377342
