354.0 2.2663814295700173
368.2 2.1758344316863436
382.4 2.2513495353338393
396.4 2.2592185576795942
410.4 2.4488670167952695
424.2 2.7699796762242532
438.1 3.0223807655243724
451.8 3.2705002129588143
465.5 3.404384166233878
479.1 3.523078095596657
492.7 3.7169993761949827
506.1 4.288261344917016
519.6 5.6918124209693906
532.9 7.2314147323787665
546.2 7.961490409920852
559.4 8.135820245283952
572.6 7.496127684253099
585.7 7.037463284726096
598.7 6.963488058933994
611.6 6.74580567320456
624.4 6.532191831575381
637.2 6.5001443289506975
649.9 6.071858954352683
662.5 5.705491459643499
674.9 5.57111649946966
687.3 6.640664865685259
699.6 11.029602445544858
711.8 17.305140941654773
723.9 24.285542336150574
735.9 30.169012620183068
747.7 33.42994746337879
759.5 34.66332276898894
771.1 35.66981988643402
782.6 36.17034042316861
794.0 36.55986028244402
805.3 36.98339269483474
816.5 37.07033671726337
827.5 37.51967978320103
838.5 38.04125596548414
849.2 38.40848569453362
859.9 38.70062753836198
870.4 38.97674563087807
880.8 39.18812737905735
891.0 39.24401371014634
901.0 39.11461772191046
911.0 38.97237680807762
920.7 39.327362554607426
930.3 37.18211653971033
939.7 37.41422310200653
948.9 36.915093133834304
957.9 36.65867744562773
966.7 37.38719560454837
975.2 37.179590942152146
992.9 39.86175042674658
1028.2 41.563097916289315
1063.5 42.73857876130016
1098.8 42.76461440168224
1133.9 39.74386210352064
1169.0 37.81589669418002
1204.0 37.85669411715237
1239.0 39.21017053855823
