354.0 2.3222528054579286
368.2 2.2348427785186407
382.4 2.3206775476357415
396.4 2.339489759445349
410.4 2.536305342765947
424.2 2.864369093653925
438.1 3.1300262077061083
451.8 3.3895186218063746
465.5 3.5280567000451124
479.1 3.6524520861159138
492.7 3.8577549890852776
506.1 4.441476953072426
519.6 5.841959159677178
532.9 7.376779213555754
546.2 8.125399110839464
559.4 8.330244087452078
572.6 7.7313395226885895
585.7 7.301264027289662
598.7 7.240542687196036
611.6 7.034014797860318
624.4 6.8290356880048195
637.2 6.80394828076237
649.9 6.391402928570659
662.5 6.026688331499025
674.9 5.888508403970113
687.3 6.969307623481714
699.6 11.318348063021158
711.8 17.473050469361638
723.9 24.39433666108197
735.9 30.37073219551304
747.7 33.685602253180896
759.5 34.94045463408389
771.1 35.962611426798134
782.6 36.473105725353825
794.0 36.87134718408048
805.3 37.30452640376469
816.5 37.39810748867307
827.5 37.8581252525827
838.5 38.391853891229424
849.2 38.76961703020455
859.9 39.07022156957376
870.4 39.3558758958197
880.8 39.57335455080604
891.0 39.632669986698545
901.0 39.5050810908986
911.0 39.36416716320922
920.7 39.724958397919295
930.3 37.53765764346395
939.7 37.78340087640286
948.9 37.26289238414845
957.9 36.98791552516068
966.7 37.73860004569574
975.2 37.54283369353082
992.9 40.249227660718525
1028.2 41.99225923951962
1063.5 43.19593985460884
1098.8 43.21826740743222
1133.9 40.12709224569728
1169.0 38.1324835527922
1204.0 38.16688613205852
1239.0 39.54839567359
