354.0 2.2849832235801713
368.2 2.193945762971311
382.4 2.272392047615892
396.4 2.282971838139138
410.4 2.475397714837297
424.2 2.798846475039741
438.1 3.0542582144963655
451.8 3.305675784794826
465.5 3.442358771018864
479.1 3.5637227077721065
492.7 3.7614481057207394
506.1 4.338247985024044
519.6 5.745695313015147
532.9 7.286678863836171
546.2 8.022441282530613
559.4 8.204312124284202
572.6 7.572914910933931
585.7 7.119793179361118
598.7 7.049121251337272
611.6 6.834640257884331
624.4 6.6239146963152775
637.2 6.594898799621549
649.9 6.1678167279728395
662.5 5.799813812551927
674.9 5.663179508757373
687.3 6.741728109376634
699.6 11.13911162534847
711.8 17.390740414916298
723.9 24.365576291131237
735.9 30.24671651009084
747.7 33.511777328839784
759.5 34.75381092186061
771.1 35.76330392027234
782.6 36.269592712302575
794.0 36.665456629834786
805.3 37.094041510947186
816.5 37.18886954225951
827.5 37.64238765478531
838.5 38.1670069800544
849.2 38.53768908655234
859.9 38.83360560413499
870.4 39.11452067965455
880.8 39.32884578347245
891.0 39.38865676212233
901.0 39.26385129962949
911.0 39.127698928898944
920.7 39.48180667429448
930.3 37.330035577334996
939.7 37.57148768567378
948.9 37.06834473172185
957.9 36.80134380196272
966.7 37.534582113669124
975.2 37.34036628404613
992.9 40.02600469496818
1028.2 41.743113708954745
1063.5 42.93238646481773
1098.8 42.964175048120396
1133.9 39.92859688124535
1169.0 37.97791376636484
1204.0 38.01854157865344
1239.0 39.377668070870335
