354.0 2.4020697315851365
368.2 2.3178602300197184
382.4 2.4043452945151187
396.4 2.422964860083795
410.4 2.6172084607849357
424.2 2.940849078953886
438.1 3.2001130699739107
451.8 3.4530557813310216
465.5 3.590109729222889
479.1 3.711969479710311
492.7 3.9103243169462076
506.1 4.481369837929143
519.6 5.868280045494682
532.9 7.38602720554049
546.2 8.113627976134424
559.4 8.297824114695745
572.6 7.683370620929176
585.7 7.242690771779323
598.7 7.175778548025534
611.6 6.96618232202676
624.4 6.759828959416373
637.2 6.731767592709707
649.9 6.313342570358199
662.5 5.954507092503432
674.9 5.82211656078767
687.3 6.879664512302504
699.6 11.190630429510003
711.8 17.454854784913454
723.9 24.555070311575513
735.9 30.53992754162551
747.7 33.86255853197944
759.5 35.12754289919343
771.1 36.15472016565524
782.6 36.67024160717245
794.0 37.07437705751696
805.3 37.51093589937914
816.5 37.607834959930926
827.5 38.071394068522395
838.5 38.606547211434936
849.2 38.984140638245435
859.9 39.28586395865897
870.4 39.57222883435641
880.8 39.7918942464602
891.0 39.852254098874724
901.0 39.72802862988759
911.0 39.58722742665809
920.7 39.94704464802801
930.3 37.755911968507135
939.7 38.00505164194662
948.9 37.49026116684535
957.9 37.21962021907213
966.7 37.96907469857887
975.2 37.77213348112848
992.9 40.50755623565676
1028.2 42.25590011450407
1063.5 43.467232539087234
1098.8 43.500687700156575
1133.9 40.411137941473925
1169.0 38.42238368117536
1204.0 38.46393274320109
1239.0 39.847160005241065
