354.0 2.2764900032256388
368.2 2.185135639258898
382.4 2.2631808548360635
396.4 2.273559404102392
410.4 2.4657423697590337
424.2 2.7882208131107067
438.1 3.042124071912354
451.8 3.2925720209879166
465.5 3.4286603487942267
479.1 3.549637215168639
492.7 3.7468548807299027
506.1 4.324153514514455
519.6 5.736434275178478
532.9 7.283359812515062
546.2 8.016734535797793
559.4 8.197721249018192
572.6 7.561859092763482
585.7 7.103263926407362
598.7 7.029868551424458
611.6 6.812713975628405
624.4 6.599771808091095
637.2 6.569164025916958
649.9 6.139150354154884
662.5 5.7707265893114
674.9 5.635015759097419
687.3 6.714423752033357
699.6 11.124944266615321
711.8 17.367670563542543
723.9 24.276630939365628
735.9 30.08527240899314
747.7 33.30345447614706
759.5 34.52247911910048
771.1 35.52390526722189
782.6 36.02463387333226
794.0 36.41611833541134
805.3 36.840652315208516
816.5 36.931148821503164
827.5 37.38132509248914
838.5 37.90271893394726
849.2 38.2697662496699
859.9 38.56299079581003
870.4 38.84034592120165
880.8 39.05181920020491
891.0 39.10871633878498
901.0 38.9844442803388
911.0 38.84606897904869
920.7 39.197311400800174
930.3 37.05710530827892
939.7 37.298480511277376
948.9 36.8007269555959
957.9 36.53910101432215
966.7 37.26813293956135
975.2 37.077425457038544
992.9 39.74896583449631
1028.2 41.45142591326907
1063.5 42.629595295136
1098.8 42.65735506363736
1133.9 39.646540720612926
1169.0 37.72643004587027
1204.0 37.77114145266835
1239.0 39.120213139954686
