354.0 2.278074835324797
368.2 2.186758170514602
382.4 2.2646325012413326
396.4 2.274465568721826
410.4 2.465717191685922
424.2 2.7875227214973775
438.1 3.0412313438894274
451.8 3.2912450694666173
465.5 3.4271281425165254
479.1 3.547737693537044
492.7 3.744357866415338
506.1 4.319835169791535
519.6 5.727254949459983
532.9 7.268608463097488
546.2 8.002212659931798
559.4 8.180955967199033
572.6 7.545457333592648
585.7 7.0894441768505425
598.7 7.016840833268862
611.6 6.800860197449816
624.4 6.58907525600415
637.2 6.558820158388424
649.9 6.131057116008032
662.5 5.763683582839832
674.9 5.627951181847911
687.3 6.703321524782028
699.6 11.095983356712368
711.8 17.352875938823427
723.9 24.308459460777236
735.9 30.175114689462916
747.7 33.43300781553552
759.5 34.67033003243476
771.1 35.67829252825773
782.6 36.18229309709284
794.0 36.575809128830976
805.3 37.00244302728644
816.5 37.093726429309164
827.5 37.54579391952493
838.5 38.069115567589165
849.2 38.43800268412578
859.9 38.732202706403385
870.4 39.01096913692078
880.8 39.22368556186869
891.0 39.28094273692188
901.0 39.153408392158354
911.0 39.01490064529665
920.7 39.368277937533946
930.3 37.21508235454886
939.7 37.45525361497258
948.9 36.95296354806413
957.9 36.69176577625331
966.7 37.42194389946568
975.2 37.22616451010913
992.9 39.90501403595399
1028.2 41.61477445693541
1063.5 42.797021863383414
1098.8 42.82182995295279
1133.9 39.78791785850506
1169.0 37.847987970119796
1204.0 37.889040139641324
1239.0 39.24331639445794
