354.0 2.3386800698210495
368.2 2.250885068081307
382.4 2.3323400774389507
396.4 2.346345936855948
410.4 2.5395479610181813
424.2 2.8624980653335617
438.1 3.119200777533394
451.8 3.3711022290707855
465.5 3.5074021358527916
479.1 3.6285522668018775
492.7 3.8259524532378757
506.1 4.3995982562085025
519.6 5.797031869816203
532.9 7.327013670111891
546.2 8.058157586527804
559.4 8.239959779370226
572.6 7.614773025203805
585.7 7.166382915189459
598.7 7.096535576341342
611.6 6.883839611348961
624.4 6.674542856223072
637.2 6.645243437725819
649.9 6.221800147202169
662.5 5.857956270736829
674.9 5.7232084125313
687.3 6.790642913929445
699.6 11.147429039625795
711.8 17.43277380045396
723.9 24.461098461607083
735.9 30.385351984502147
747.7 33.67428532335093
759.5 34.92634453646147
771.1 35.943663111224694
782.6 36.45458581783664
794.0 36.85425388058641
805.3 37.28702422864586
816.5 37.38382967817786
827.5 37.84149706695754
838.5 38.37043035077689
849.2 38.74433606370846
859.9 39.042849629081395
870.4 39.32656630021963
880.8 39.54285414055828
891.0 39.60400863793503
901.0 39.479629206408156
911.0 39.34191118732991
920.7 39.70014344575119
930.3 37.52777251449219
939.7 37.780719539055646
948.9 37.26944687680068
957.9 37.001303513687304
966.7 37.74090406937219
975.2 37.545987896147345
992.9 40.25197084058227
1028.2 41.98352258156516
1063.5 43.182991492970565
1098.8 43.21651686657697
1133.9 40.16140034535185
1169.0 38.19561206829897
1204.0 38.23785467009948
1239.0 39.6072594442904
