354.0 2.286301343269359
368.2 2.195397245416031
382.4 2.27417139208938
396.4 2.285166242001393
410.4 2.478014663649404
424.2 2.8018325950880842
438.1 3.0575684493574236
451.8 3.3091656775574316
465.5 3.4463236209654453
479.1 3.5681582176361153
492.7 3.766221319740128
506.1 4.3432273425228
519.6 5.750528719814789
532.9 7.290823013481426
546.2 8.026103105874759
559.4 8.20783221879211
572.6 7.577025238053491
585.7 7.124534520426852
598.7 7.054648490921538
611.6 6.8411639842255685
624.4 6.631472068846926
637.2 6.603330944796278
649.9 6.176849278354958
662.5 5.8098918141296405
674.9 5.674095852136314
687.3 6.753129524873656
699.6 11.149732467605652
711.8 17.398389221050802
723.9 24.362345213630324
735.9 30.246965740532747
747.7 33.51367540438125
759.5 34.75620344255614
771.1 35.765175260726735
782.6 36.27082797746858
794.0 36.66611225197006
805.3 37.093983425317674
816.5 37.18794610137801
827.5 37.64094625744128
838.5 38.16470726610639
849.2 38.53470726610639
859.9 38.829839370087434
870.4 39.11031828913693
880.8 39.32388699420307
891.0 39.383130823499414
901.0 39.25744421620993
911.0 39.120926412588176
920.7 39.47425487781318
930.3 37.322628379701186
939.7 37.56341476105677
948.9 37.05920348336148
957.9 36.79094090165492
966.7 37.52291911841966
975.2 37.32851241586002
992.9 40.01522932424185
1028.2 41.731585593546995
1063.5 42.919540154317126
1098.8 42.94979756111819
1133.9 39.910019960111136
1169.0 37.95633754171242
1204.0 37.99518059885346
1239.0 39.35280685046185
