354.0 2.2885298433449477
368.2 2.1975613932485336
382.4 2.277122501110577
396.4 2.2890679398569396
410.4 2.4809097027508327
424.2 2.8029179559178665
438.1 3.057440235885643
451.8 3.308101725499742
465.5 3.4446775915448034
479.1 3.5661410409821754
492.7 3.7638971803070316
506.1 4.338681087846884
519.6 5.741565634098807
532.9 7.291740190074211
546.2 8.028401097320408
559.4 8.205717191366396
572.6 7.566597414630573
585.7 7.117734186335982
598.7 7.049417997510269
611.6 6.837783586321312
624.4 6.629750573653186
637.2 6.602132668798288
649.9 6.177370309843938
662.5 5.812348559056749
674.9 5.677612220166365
687.3 6.755876368864157
699.6 11.15114897293071
711.8 17.398525371866544
723.9 24.3744132574769
735.9 30.28071083581426
747.7 33.56260159638482
759.5 34.807600174688965
771.1 35.81976658491933
782.6 36.32454161585553
794.0 36.71812952939848
805.3 37.1452973613246
816.5 37.23791784101619
827.5 37.6896118830894
838.5 38.21257245913768
849.2 38.58205367547198
859.9 38.87627021445153
870.4 39.15544175961839
880.8 39.367683722604426
891.0 39.42653631350205
901.0 39.299405613982756
911.0 39.16268514430028
920.7 39.51668328767986
930.3 37.35765227698083
939.7 37.59836960210096
948.9 37.09382224986643
957.9 36.82287080633453
966.7 37.55429617347318
975.2 37.363230756836664
992.9 40.04419690274592
1028.2 41.761696835869046
1063.5 42.95034160221042
1098.8 42.976817382437495
1133.9 39.932528401601374
1169.0 37.97258694360323
1204.0 38.01001159147817
1239.0 39.366611648346016
