354.0 2.2948902274715106
368.2 2.204160186512195
382.4 2.2816551267354432
396.4 2.2923249645603923
410.4 2.4836712151837217
424.2 2.8062632921753177
438.1 3.060690591118716
451.8 3.3114474461584993
465.5 3.4474152692619424
479.1 3.5683261767177243
492.7 3.7637111792110525
506.1 4.342010027661578
519.6 5.752130691023687
532.9 7.301963745754181
546.2 8.04020239107034
559.4 8.220175576989872
572.6 7.581675622935845
585.7 7.123256111123211
598.7 7.050221858897269
611.6 6.83316883681501
624.4 6.620121177548841
637.2 6.589424525643423
649.9 6.159920071945328
662.5 5.791755293897141
674.9 5.656108982665944
687.3 6.735780895820266
699.6 11.1496398095673
711.8 17.443868316747498
723.9 24.444179249606478
735.9 30.352219617346176
747.7 33.6341034350457
759.5 34.882516628978216
771.1 35.895899464250256
782.6 36.40342805062079
794.0 36.79979782783791
805.3 37.23012617177693
816.5 37.32452665663985
827.5 37.779952137347244
838.5 38.306482799047146
849.2 38.67865977197823
859.9 38.97521041569174
870.4 39.25699884154945
880.8 39.47248452539119
891.0 39.53247111835094
901.0 39.40595386369128
911.0 39.26993241242698
920.7 39.62629561467055
930.3 37.46645547077996
939.7 37.71502929210191
948.9 37.20290543314503
957.9 36.94212202111818
966.7 37.67764135110722
975.2 37.47804279103414
992.9 40.17072265652063
1028.2 41.89277948027637
1063.5 43.08533842530736
1098.8 43.11734768168886
1133.9 40.074620505921494
1169.0 38.12129761669045
1204.0 38.163789269426964
1239.0 39.52808984422158
