354.0 2.2867941271575734
368.2 2.1955440795077252
382.4 2.2736353723500575
396.4 2.2834662409385675
410.4 2.4748508313200177
424.2 2.7972657891157815
438.1 3.0520291957390877
451.8 3.302873709200154
465.5 3.439191218815206
479.1 3.5602215862295092
492.7 3.7574850881525217
506.1 4.333751667744724
519.6 5.742146634730148
532.9 7.284815861441335
546.2 8.020339787618159
559.4 8.200643842960046
572.6 7.566285589326728
585.7 7.111048995950035
598.7 7.039241386440456
611.6 6.823734564004182
624.4 6.612248113577043
637.2 6.5824845163543335
649.9 6.154799138899579
662.5 5.7872490665740255
674.9 5.651388021170605
687.3 6.72890426721386
699.6 11.128514693169285
711.8 17.393246560703062
723.9 24.355024155918223
735.9 30.225113867807703
747.7 33.484762694430934
759.5 34.72494931078171
771.1 35.73304098482286
782.6 36.23861507862497
794.0 36.63380036078005
805.3 37.061773071034914
816.5 37.15633313876563
827.5 37.60917073449072
838.5 38.13300525254664
849.2 38.502869947417445
859.9 38.79813998587759
870.4 39.07837600745613
880.8 39.292497477113336
891.0 39.35244654709048
901.0 39.22822321738755
911.0 39.091904945374985
920.7 39.446213031382975
930.3 37.2997605978376
939.7 37.53948808158519
948.9 37.036988748683086
957.9 36.773662387259286
966.7 37.50685649314429
975.2 37.312344687044856
992.9 39.994675650933026
1028.2 41.7075630330846
1063.5 42.89452171726808
1098.8 42.92805179878331
1133.9 39.902630495049785
1169.0 37.96276923096809
1204.0 38.005100576055085
1239.0 39.36258452061124
