354.0 2.289850288509634
368.2 2.1990791561880654
382.4 2.2769108772645557
396.4 2.286910877264556
410.4 2.478926271505839
424.2 2.802283025604512
438.1 3.057988836681206
451.8 3.309358089910871
465.5 3.4457792465645833
479.1 3.5667590503129394
492.7 3.7640975150600373
506.1 4.340038833205185
519.6 5.746041589274691
532.9 7.286228018508992
546.2 8.021850149468849
559.4 8.203602143269404
572.6 7.57248498812089
585.7 7.11981780168819
598.7 7.050034239756016
611.6 6.836157393686304
624.4 6.626255549354599
637.2 6.597826765100642
649.9 6.171350879432989
662.5 5.803971103492788
674.9 5.667883609575824
687.3 6.746799998979374
699.6 11.145722039562763
711.8 17.404441059899103
723.9 24.364059377058776
735.9 30.22631592954831
747.7 33.48111679262185
759.5 34.72888354005538
771.1 35.73080537207757
782.6 36.23797082541121
794.0 36.636881563635015
805.3 37.066402782857054
816.5 37.17172443310555
827.5 37.62433018161389
838.5 38.14381362536142
849.2 38.513904014388665
859.9 38.810040586139735
870.4 39.09209834930479
880.8 39.30936195830668
891.0 39.376294020033086
901.0 39.26162908810242
911.0 39.135219929012315
920.7 39.485878430114056
930.3 37.36093525966461
939.7 37.61077989699441
948.9 37.10347391906876
957.9 36.83931143036586
966.7 37.56207925045478
975.2 37.3658858342285
992.9 40.05059171482555
1028.2 41.767125502699024
1063.5 42.963718250508855
1098.8 43.02067995854214
1133.9 40.02451123264687
1169.0 38.068743288441844
1204.0 38.11088367399307
1239.0 39.46694998344819
