354.0 2.2846873378443426
368.2 2.1935377070155635
382.4 2.2716167214937566
396.4 2.281796041724213
410.4 2.473706212491782
424.2 2.7966271134549974
438.1 3.051584277231026
451.8 3.302571384084535
465.5 3.4389815971314106
479.1 3.560120413205943
492.7 3.757492115930548
506.1 4.334079655374226
519.6 5.742586186506077
532.9 7.284706127933181
546.2 8.02007999360863
559.4 8.200690818160039
572.6 7.567057772189949
585.7 7.11233515066322
598.7 7.040973755341255
611.6 6.825781203729912
624.4 6.614494666101642
637.2 6.584977404774154
649.9 6.157000858999078
662.5 5.789049930399792
674.9 5.65284266092551
687.3 6.731293124452494
699.6 11.132452724449557
711.8 17.394808053711973
723.9 24.35030456668968
735.9 30.218283020821016
747.7 33.47792316743473
759.5 34.71862197709875
771.1 35.7265442896871
782.6 36.232268873627405
794.0 36.627803710722056
805.3 37.05591100621068
816.5 37.150876602768264
827.5 37.60385179005674
838.5 38.127493922640014
849.2 38.497378645349
859.9 38.7927237355979
870.4 39.07314969969549
880.8 39.287284221288395
891.0 39.347486776721944
901.0 39.2232962568321
911.0 39.08750762995244
920.7 39.441239422650845
930.3 37.29388963129679
939.7 37.53476241272228
948.9 37.03149262791234
957.9 36.76665601595819
966.7 37.49861038143633
975.2 37.30541983012642
992.9 39.98814837354776
1028.2 41.70248216987708
1063.5 42.890342821498564
1098.8 42.92380563385139
1133.9 39.895026943323515
1169.0 37.950497152955
1204.0 37.99236529843063
1239.0 39.34921783055271
