354.0 2.284889012120654
368.2 2.1935836452678434
382.4 2.2715402956831907
396.4 2.2813326382134327
410.4 2.4729603243362144
424.2 2.795732566199185
438.1 3.0505104017432156
451.8 3.301390317635893
465.5 3.4376913135231186
479.1 3.55872260155252
492.7 3.755914668485757
506.1 4.332426530660822
519.6 5.741550431703807
532.9 7.2848879665535815
546.2 8.02058242832681
559.4 8.200753026937694
572.6 7.5656462213266655
585.7 7.109848279340913
598.7 7.03821722335604
611.6 6.823135088405116
624.4 6.61192999294674
637.2 6.582422088797304
649.9 6.154582424477179
662.5 5.786695565277573
674.9 5.650430385579723
687.3 6.728402195562412
699.6 11.128710722920154
711.8 17.39863805703624
723.9 24.365902931776485
735.9 30.238678019562737
747.7 33.49913321041222
759.5 34.74011381833849
771.1 35.74840013586557
782.6 36.25437881248285
794.0 36.65012116618033
805.3 37.07844628517803
816.5 37.17377227836886
827.5 37.62687523291062
838.5 38.15077280403964
849.2 38.520829437895024
859.9 38.81640154150389
870.4 39.097101419809825
880.8 39.311405912469496
891.0 39.371510089726726
901.0 39.24758385314767
911.0 39.11170900526537
920.7 39.46558769844249
930.3 37.31820996225824
939.7 37.55976143952907
948.9 37.056280925951384
957.9 36.79185337808269
966.7 37.52316048754731
975.2 37.32986840496524
992.9 40.01343247523653
1028.2 41.72789638491943
1063.5 42.915946379526616
1098.8 42.949843950655634
1133.9 39.92178765377375
1169.0 37.97675984519346
1204.0 38.017991791373234
1239.0 39.37587958077843
