354.0 2.2853797286020625
368.2 2.1959220575907503
382.4 2.2750651723750663
396.4 2.2868349452850523
410.4 2.480066647024844
424.2 2.8038667127929227
438.1 3.0604198490373844
451.8 3.3128573801869163
465.5 3.4505655842808705
479.1 3.572650896517706
492.7 3.7715325082540594
506.1 4.348635668733891
519.6 5.75156623854034
532.9 7.284160963027301
546.2 8.019940912653476
559.4 8.201734076424005
572.6 7.578056660159377
585.7 7.130171939835223
598.7 7.061644513211265
611.6 6.8504190354896775
624.4 6.642297864057313
637.2 6.615006559701189
649.9 6.189782227788984
662.5 5.822788122966804
674.9 5.68573899876587
687.3 6.76349157769233
699.6 11.14170329543733
711.8 17.44268028774537
723.9 24.503095831753665
735.9 30.46917521857113
747.7 33.78544742733615
759.5 35.04560384106375
771.1 36.06650672834494
782.6 36.57623671645677
794.0 36.973668094793624
805.3 37.40364266994917
816.5 37.50062524884736
827.5 37.95450213155972
838.5 38.47975907509
849.2 38.851023198597126
859.9 39.146788028912475
870.4 39.42713360346256
880.8 39.64182804762569
891.0 39.70298894624425
901.0 39.57518056823756
911.0 39.4389901259458
920.7 39.79513195593097
930.3 37.63616115379495
939.7 37.8758873790136
948.9 37.35873719947636
957.9 37.08744612561399
966.7 37.81597778971202
975.2 37.6151250402483
992.9 40.30067894602198
1028.2 42.0287035369743
1063.5 43.2225041451533
1098.8 43.25106123409578
1133.9 40.195094326999886
1169.0 38.21144392873714
1204.0 38.24342533806022
1239.0 39.60723642127924
