354.0 2.275914640828624
368.2 2.1850043641719874
382.4 2.262635801182552
396.4 2.272351204887382
410.4 2.4638589180199224
424.2 2.7865544431328835
438.1 3.0413339349401105
451.8 3.292514685949135
465.5 3.4296415578316393
479.1 3.5512562642548042
492.7 3.748425501965654
506.1 4.323851857048527
519.6 5.727954084255036
532.9 7.264794202402843
546.2 7.997887299353231
559.4 8.178612912033936
572.6 7.548557502982572
585.7 7.097321342922172
598.7 7.02823975926996
611.6 6.81556649579094
624.4 6.6066342712577075
637.2 6.578498269119091
649.9 6.152574409879544
662.5 5.785227569164159
674.9 5.6485346526958065
687.3 6.727080247502966
699.6 11.124621992997145
711.8 17.371387186551996
723.9 24.29788357312699
735.9 30.130410812232224
747.7 33.36735253007188
759.5 34.59936265089291
771.1 35.604845493746936
782.6 36.11037884212046
794.0 36.5060474276702
805.3 36.934682012685215
816.5 37.03075630976348
827.5 37.48417038658575
838.5 38.00833125900293
849.2 38.378473557150514
859.9 38.67399278358119
870.4 38.955301710795055
880.8 39.17033755501187
891.0 39.232621386344604
901.0 39.10973413628431
911.0 38.97548147123914
920.7 39.33063843068931
930.3 37.19018544980059
939.7 37.43737096689369
948.9 36.930684032676965
957.9 36.66919858117839
966.7 37.407259070071234
975.2 37.21170346006381
992.9 39.89010885783502
1028.2 41.599004698791546
1063.5 42.78419588437894
1098.8 42.8212027197478
1133.9 39.812723966170324
1169.0 37.88483450937754
1204.0 37.93034069258523
1239.0 39.28506967887298
