354.0 2.291489191414716
368.2 2.201231835677192
382.4 2.280622784659183
396.4 2.292843560741062
410.4 2.4874629487534294
424.2 2.81371285790045
438.1 3.0707106165705964
451.8 3.32357550459725
465.5 3.4612766538283855
479.1 3.583601167488615
492.7 3.7825016226849946
506.1 4.360078793065059
519.6 5.766336655045552
532.9 7.301160627810788
546.2 8.030291330651398
559.4 8.209488178928796
572.6 7.576574855523258
585.7 7.125793390275284
598.7 7.058961538203537
611.6 6.847040045606531
624.4 6.639945416178605
637.2 6.614694204660699
649.9 6.193492367480635
662.5 5.828820567672646
674.9 5.695159394743972
687.3 6.7709415825929
699.6 11.15793898207406
711.8 17.426979680977475
723.9 24.42196232588566
735.9 30.32542903047494
747.7 33.60482720546656
759.5 34.85602542541886
771.1 35.870522279782115
782.6 36.38135651601477
794.0 36.78134314156268
805.3 37.21296968628057
816.5 37.315132628948156
827.5 37.769454178677584
838.5 38.29426622219263
849.2 38.666486998274515
859.9 38.96382163257106
870.4 39.24540769474359
880.8 39.46276257031287
891.0 39.526802546615315
901.0 39.40572324308439
911.0 39.27085734257189
920.7 39.626918572632896
930.3 37.46905549322016
939.7 37.71891958511884
948.9 37.214459236884295
957.9 36.949449116247976
966.7 37.679919368760885
975.2 37.487248581438834
992.9 40.1617949571938
1028.2 41.88188134390331
1063.5 43.07414260253055
1098.8 43.11284100418889
1133.9 40.09181700285747
1169.0 38.14599830887982
1204.0 38.189814545169575
1239.0 39.54409019073494
