354.0 2.2737089269452806
368.2 2.183709960998924
382.4 2.2626636892727032
396.4 2.27454764803836
410.4 2.465535175309864
424.2 2.786368726134725
438.1 3.0403209033280296
451.8 3.2904849741797917
465.5 3.426814356747693
479.1 3.548073349375282
492.7 3.7459797718691874
506.1 4.3208607318792795
519.6 5.724114967860126
532.9 7.260533378098093
546.2 7.995226976285262
559.4 8.177982007466623
572.6 7.550387674080588
585.7 7.099520737879447
598.7 7.03028751795175
611.6 6.8169481443841065
624.4 6.607114283343155
637.2 6.578456345450275
649.9 6.151386575942151
662.5 5.7845936912829305
674.9 5.647215513774189
687.3 6.726865735894655
699.6 11.11436521035238
711.8 17.34633873857913
723.9 24.256261922949815
735.9 30.070512008159724
747.7 33.29715687765615
759.5 34.52558269375971
771.1 35.529332244456796
782.6 36.034673065699565
794.0 36.43004934042592
805.3 36.85708365645045
816.5 36.96029052256662
827.5 37.40798008794459
838.5 37.928695115806384
849.2 38.29728214673214
859.9 38.5925054790654
870.4 38.871139091933514
880.8 39.08721123976498
891.0 39.15113209968929
901.0 39.03054672324935
911.0 38.89765504840203
920.7 39.25157280616534
930.3 37.119632417183624
939.7 37.366531123595735
948.9 36.8588565767598
957.9 36.60195708242533
966.7 37.32292417475531
975.2 37.131313749453035
992.9 39.76176356580895
1028.2 41.46955845758398
1063.5 42.6546622329005
1098.8 42.69272469994835
1133.9 39.71148067633439
1169.0 37.76844511944543
1204.0 37.80804296861385
1239.0 39.15786053092784
