354.0 2.2857101756101637
368.2 2.194626692340075
382.4 2.27301527213862
396.4 2.2834132457717793
410.4 2.475535937718361
424.2 2.7985900952915608
438.1 3.053686811168804
451.8 3.30483106831567
465.5 3.4414147961582544
479.1 3.562711070948591
492.7 3.7602732335908913
506.1 4.337141636954666
519.6 5.746503096490844
532.9 7.290228793094228
546.2 8.026511180229363
559.4 8.207246353618904
572.6 7.5725255570295555
585.7 7.116826325640481
598.7 7.044656664520791
611.6 6.828852384661353
624.4 6.617166385879443
637.2 6.5874372566969654
649.9 6.1601099399201775
662.5 5.79264996526568
674.9 5.656881544455175
687.3 6.7341425322930935
699.6 11.129756572686798
711.8 17.39319087925379
723.9 24.353456824319807
735.9 30.217621765632067
747.7 33.472427467146225
759.5 34.71211713688445
771.1 35.71990320117119
782.6 36.225646707153885
794.0 36.62127135996254
805.3 37.04941398377138
816.5 37.144018787669246
827.5 37.59719179841649
838.5 38.12112489738114
849.2 38.491124897381134
859.9 38.78663069701567
870.4 39.067305096528465
880.8 39.28139576819863
891.0 39.341340759154136
901.0 39.21751392341401
911.0 39.081908100228745
920.7 39.43578291012581
930.3 37.28960265567752
939.7 37.53167657825332
948.9 37.02759506204048
957.9 36.76318253044402
966.7 37.49534468183481
975.2 37.301520176434806
992.9 39.986904096509654
1028.2 41.701235169107456
1063.5 42.889433011730944
1098.8 42.92323345281787
1133.9 39.89421491400326
1169.0 37.95220821474811
1204.0 37.99480076432879
1239.0 39.352172189796114
