354.0 2.288847220853691
368.2 2.1980890811723652
382.4 2.277124629020862
396.4 2.288468474681785
410.4 2.48147213651061
424.2 2.805580897606552
438.1 3.061798868268857
451.8 3.313798419798426
465.5 3.450976508077777
479.1 3.5728779603291336
492.7 3.771358791276834
506.1 4.348936500893129
519.6 5.756833070706062
532.9 7.297901401515072
546.2 8.034521883203979
559.4 8.217660412769112
572.6 7.5881176777292
585.7 7.136177214667584
598.7 7.066708814051189
611.6 6.853073211208402
624.4 6.643108534821679
637.2 6.615052534910437
649.9 6.188206957768629
662.5 5.820365939396518
674.9 5.683637244515636
687.3 6.763817549778984
699.6 11.162030090098936
711.8 17.409217795124377
723.9 24.354464720090824
735.9 30.242153612645886
747.7 33.51065239235523
759.5 34.75407780533242
771.1 35.76318738395
782.6 36.26912293253363
794.0 36.664557807413
805.3 37.092830120252096
816.5 37.18671320195709
827.5 37.640206535983914
838.5 38.16471007668664
849.2 38.53515802524028
859.9 38.83083880733803
870.4 39.1117465168018
880.8 39.3255621079106
891.0 39.3849180242
901.0 39.25871928031664
911.0 39.12318190822524
920.7 39.476391375328454
930.3 37.32376865196715
939.7 37.56320091812004
948.9 37.05995644440079
957.9 36.79280317208134
966.7 37.524334724085286
975.2 37.32919595893934
992.9 40.020441922206125
1028.2 41.737981558661296
1063.5 42.92698864006665
1098.8 42.95775927615569
1133.9 39.914543962958845
1169.0 37.960504858068894
1204.0 38.00009825276282
1239.0 39.359488745214804
