354.0 2.2743355075810814
368.2 2.183547178888342
382.4 2.2613920726914225
396.4 2.2713920726914227
410.4 2.4632943897891852
424.2 2.786143574514048
438.1 3.0406337053939345
451.8 3.2914306159302473
465.5 3.428242973784996
479.1 3.549601169445602
492.7 3.746901941811526
506.1 4.322527440648124
519.6 5.727578706537825
532.9 7.265659075638417
546.2 7.998953765656589
559.4 8.179356511846532
572.6 7.547522849497355
585.7 7.094686612595097
598.7 7.023962572671902
611.6 6.810106597529435
624.4 6.599943842730543
637.2 6.571066412979139
649.9 6.1445583352849855
662.5 5.777638929557326
674.9 5.641799184860397
687.3 6.717690270504265
699.6 11.106520124829824
711.8 17.351420833170753
723.9 24.28919632165271
735.9 30.139414182919605
747.7 33.38773002731774
759.5 34.62460652382749
771.1 35.63122601537361
782.6 36.13713004884011
794.0 36.53267846119909
805.3 36.96159880016834
816.5 37.05515486112923
827.5 37.50928515503704
838.5 38.034370898415546
849.2 38.4045765624323
859.9 38.70090050577583
870.4 38.98201449418089
880.8 39.195699132680865
891.0 39.2555405937465
901.0 39.13009922926047
911.0 38.99491501985272
920.7 39.34876677913057
930.3 37.20360831525353
939.7 37.44253708595183
948.9 36.94262290438756
957.9 36.675909012562194
966.7 37.40816695076751
975.2 37.21512068386947
992.9 39.907906030168235
1028.2 41.62453425367242
1063.5 42.813677420345535
1098.8 42.84423855535535
1133.9 39.80914392990434
1169.0 37.86366823804399
1204.0 37.9068987894071
1239.0 39.2632355304588
