354.0 2.277966890324069
368.2 2.1868154286326096
382.4 2.264585879391981
396.4 2.274748184595911
410.4 2.466989343612211
424.2 2.790068963687783
438.1 3.0446748104536203
451.8 3.295308474349981
465.5 3.4315835806023864
479.1 3.552422041661648
492.7 3.7494931170143437
506.1 4.325918918695008
519.6 5.733697032086353
532.9 7.274647412103189
546.2 8.008947920868813
559.4 8.188870599582835
572.6 7.555083941468623
585.7 7.100339009050181
598.7 7.028843664543214
611.6 6.813526832595039
624.4 6.602182183516341
637.2 6.572429472638222
649.9 6.144172106267061
662.5 5.775860638161267
674.9 5.639303413459983
687.3 6.717073864219344
699.6 11.115199575914515
711.8 17.37182947979186
723.9 24.322682571148793
735.9 30.18076904306242
747.7 33.432410672543156
759.5 34.670173229015084
771.1 35.67693896636759
782.6 36.18261129090696
794.0 36.5784034286913
805.3 37.00659508355213
816.5 37.1021515419902
827.5 37.555057247086175
838.5 38.07844592065027
849.2 38.448337717180976
859.9 38.7437627525984
870.4 39.02441963604613
880.8 39.238747311506756
891.0 39.29895210866965
901.0 39.174979925800166
911.0 39.03984861860732
920.7 39.39264217309024
930.3 37.24969049220248
939.7 37.49006131005755
948.9 36.988075334450514
957.9 36.72110828376805
966.7 37.45214759484654
975.2 37.25703532840587
992.9 39.9369036737298
1028.2 41.6510497715789
1063.5 42.838963255134495
1098.8 42.87246013216787
1133.9 39.8455241953241
1169.0 37.898916352721024
1204.0 37.94059327483955
1239.0 39.29607612747996
