354.0 2.2892223240612255
368.2 2.199088621897144
382.4 2.278625734364208
396.4 2.2901540460212453
410.4 2.483957048173239
424.2 2.8086139042677374
438.1 3.065589454907288
451.8 3.318145946693444
465.5 3.4555615378340057
479.1 3.577397877841738
492.7 3.7760599793481378
506.1 4.354174565248953
519.6 5.76235938225938
532.9 7.301753465640664
546.2 8.038096872602
559.4 8.221787329608073
572.6 7.593284344164267
585.7 7.142115701815934
598.7 7.072941638685146
611.6 6.859720016106146
624.4 6.649716636078584
637.2 6.621442120954181
649.9 6.1933241550257945
662.5 5.824660363505619
674.9 5.687288776415163
687.3 6.7690091912494115
699.6 11.17241615695055
711.8 17.41834061673726
723.9 24.358857224742785
735.9 30.263673756245478
747.7 33.543560512393434
759.5 34.792499129168604
771.1 35.80167035868876
782.6 36.30725591668409
794.0 36.70258244842651
805.3 37.13034745433821
816.5 37.224678577085065
827.5 37.67691164394795
838.5 38.199675686247
849.2 38.568911530418475
859.9 38.86343321031609
870.4 39.142613508315726
880.8 39.35571796890007
891.0 39.415103674206115
901.0 39.29164394518072
911.0 39.15343842434484
920.7 39.50783994341918
930.3 37.348037074176624
939.7 37.59062733670587
948.9 37.08468265581875
957.9 36.82110083874477
966.7 37.547918272931284
975.2 37.35488035422368
992.9 40.04011642545412
1028.2 41.75779289807935
1063.5 42.94670510134648
1098.8 42.97706751104161
1133.9 39.934220941415205
1169.0 37.97252871039831
1204.0 38.01047849178461
1239.0 39.367768068432085
