354.0 2.2983288206564
368.2 2.207681107180909
382.4 2.2856727928397653
396.4 2.2956727928397656
410.4 2.4871345066137582
424.2 2.810265792690514
438.1 3.0659935653813215
451.8 3.317116537116924
465.5 3.452820707598818
479.1 3.573509992780057
492.7 3.7707292498461586
506.1 4.348352422865323
519.6 5.76127531473304
532.9 7.309236694110316
546.2 8.0469963833512
559.4 8.2273053547883
572.6 7.590234950728664
585.7 7.13223763235772
598.7 7.058577715210638
611.6 6.840859597675511
624.4 6.627354166246985
637.2 6.596094678289662
649.9 6.166730590660686
662.5 5.797758617880326
674.9 5.66103258857117
687.3 6.74000456135153
699.6 11.150074832298062
711.8 17.42963337031049
723.9 24.405496052182123
735.9 30.280931751572115
747.7 33.54200081481724
759.5 34.786046678420504
771.1 35.7874555550646
782.6 36.28979697873207
794.0 36.68335631865113
805.3 37.10777739896675
816.5 37.20283385597314
827.5 37.65239453670669
838.5 38.17076707178998
849.2 38.536649865879625
859.9 38.827898088412724
870.4 39.10596728477102
880.8 39.31892048292028
891.0 39.37985919833603
901.0 39.25741102904814
911.0 39.12291297371343
920.7 39.47344214046395
930.3 37.33115408960679
939.7 37.57328711906515
948.9 37.07156980666427
957.9 36.815912304919976
966.7 37.54694033213962
975.2 37.35036315583694
992.9 40.02910983627195
1028.2 41.72964007438313
1063.5 42.90893389106555
1098.8 42.94946198645562
1133.9 39.947047077760026
1169.0 38.01681400998147
1204.0 38.05662412094953
1239.0 39.40906665752534
