354.0 2.2817798811610768
368.2 2.1908067151201327
382.4 2.268901660873988
396.4 2.2790487787965406
410.4 2.470920458041103
424.2 2.7939967405856225
438.1 3.0491840424678593
451.8 3.300384694350735
465.5 3.437112113213777
479.1 3.5584932580207864
492.7 3.7558087832346225
506.1 4.332254833907362
519.6 5.740733825947789
532.9 7.2823270750155515
546.2 8.017526231149022
559.4 8.198269723595935
572.6 7.564421397061202
585.7 7.108283746016695
598.7 7.03578831505298
611.6 6.819582130757763
624.4 6.607474049433539
637.2 6.577160076085622
649.9 6.1489001799337535
662.5 5.780522589443853
674.9 5.6442627663598754
687.3 6.721581107807399
699.6 11.12277258031041
711.8 17.390310041513448
723.9 24.338799280800618
735.9 30.195922756862025
747.7 33.4478365621166
759.5 34.68444099564661
771.1 35.69249861498182
782.6 36.19812155554969
794.0 36.593475732439906
805.3 37.02183944187141
816.5 37.1159459739609
827.5 37.569320443767594
838.5 38.09427412063875
849.2 38.464715474406404
859.9 38.7604482064781
870.4 39.04122902534371
880.8 39.25554723760682
891.0 39.315374647516826
901.0 39.1903875956441
911.0 39.05426445413964
920.7 39.40821772913734
930.3 37.25968756878508
939.7 37.50172788670251
948.9 36.99770609803658
957.9 36.736002633377836
966.7 37.469378866849524
975.2 37.27770701352737
992.9 39.96030066446845
1028.2 41.67434221021978
1063.5 42.86154259418703
1098.8 42.89396584279028
1133.9 39.86650678573158
1169.0 37.931378822421934
1204.0 37.9751120903248
1239.0 39.333057730404015
