354.0 2.2838596229759753
368.2 2.1926476795264476
382.4 2.270679737962359
396.4 2.2806885372106915
410.4 2.4725328501299786
424.2 2.79545094576205
438.1 3.050266411208961
451.8 3.3011507042363877
465.5 3.4374947422741973
479.1 3.5585408384631787
492.7 3.7557941007320226
506.1 4.332269144562225
519.6 5.740852512725684
532.9 7.283250712930114
546.2 8.018533989365045
559.4 8.198819465612058
572.6 7.564566153410843
585.7 7.109418282392471
598.7 7.037752837843626
611.6 6.8222989589988074
624.4 6.610787984904582
637.2 6.581093992731038
649.9 6.1530918428513255
662.5 5.785069161392182
674.9 5.648870794560662
687.3 6.726859745567866
699.6 11.127249829862325
711.8 17.390443363393253
723.9 24.349019621052943
735.9 30.214480550245852
747.7 33.47102495545117
759.5 34.71047808455006
771.1 35.71813529659556
782.6 36.22387296294279
794.0 36.61946500252441
805.3 37.047630955394816
816.5 37.14280224663474
827.5 37.5958145067619
838.5 38.119568099589756
849.2 38.48955343417587
859.9 38.7849939808262
870.4 39.06558528713712
880.8 39.279834421917386
891.0 39.33999324755551
901.0 39.21607642946536
911.0 39.08034756236656
920.7 39.434127552939316
930.3 37.287634915850845
939.7 37.52915277824548
948.9 37.02617131548749
957.9 36.76180295168659
966.7 37.49370343234681
975.2 37.30055874432653
992.9 39.98276265001725
1028.2 41.69646198081372
1063.5 42.883982365341836
1098.8 42.917834216442735
1133.9 39.89197497619721
1169.0 37.949415289154054
1204.0 37.99156112139433
1239.0 39.348326974349334
