354.0 2.273543357626177
368.2 2.1823461678845253
382.4 2.260031180660267
396.4 2.269538442134829
410.4 2.460964672853229
424.2 2.7828225214387823
438.1 3.0362562494604375
451.8 3.28641503397852
465.5 3.4223307262281257
479.1 3.5427623440952694
492.7 3.739575928651114
506.1 4.3163803774065785
519.6 5.725403092841302
532.9 7.266319256748294
546.2 7.999832377028994
559.4 8.178899828150813
572.6 7.544093740898234
585.7 7.088143392076686
598.7 7.0161277022878314
611.6 6.800001240662239
624.4 6.5880120149597365
637.2 6.557818573869711
649.9 6.128039422360859
662.5 5.758383455483377
674.9 5.621262381006529
687.3 6.700179240095855
699.6 11.104323725189802
711.8 17.36140383723868
723.9 24.303057519651656
735.9 30.14647421673481
747.7 33.388303068637136
759.5 34.622064444810064
771.1 35.62674009826051
782.6 36.13156445711387
794.0 36.527101459669055
805.3 36.95468975189976
816.5 37.051132839246726
827.5 37.50301715191862
838.5 38.02589607744179
849.2 38.39540333891635
859.9 38.690913877385114
870.4 38.97077336446782
880.8 39.185702636351735
891.0 39.24683776212031
901.0 39.12343963398536
911.0 38.986890690293066
920.7 39.341371016023814
930.3 37.19946748843645
939.7 37.44367403750337
948.9 36.933166800636315
957.9 36.672645711395
966.7 37.39991012873354
975.2 37.209970306077054
992.9 39.87647386811496
1028.2 41.5891064243754
1063.5 42.77548019857845
1098.8 42.80848230873298
1133.9 39.788505942875
1169.0 37.8432253886977
1204.0 37.8855668400083
1239.0 39.23946778578385
