354.0 2.287988671478357
368.2 2.1972062875980525
382.4 2.2752952918618323
396.4 2.285880089055644
410.4 2.477711561719137
424.2 2.800611393436341
438.1 3.055787719135897
451.8 3.306849654766097
465.5 3.44296741049143
479.1 3.5639626698959033
492.7 3.7607037633560774
506.1 4.337193440751043
519.6 5.743042049582823
532.9 7.284533717694205
546.2 8.02016791155964
559.4 8.201350352794272
572.6 7.56897750745934
585.7 7.1150310289496135
598.7 7.044083175500337
611.6 6.829246654352892
624.4 6.618305224327125
637.2 6.588975968017173
649.9 6.1614717609472045
662.5 5.793967553877247
674.9 5.65792932122465
687.3 6.735872126189967
699.6 11.132601912245338
711.8 17.392502221204214
723.9 24.3588971157925
735.9 30.229587588303275
747.7 33.48789102208531
759.5 34.72663570320054
771.1 35.73606088141669
782.6 36.24272666493741
794.0 36.63858414403403
805.3 37.06736405025495
816.5 37.16291650590675
827.5 37.615997757177425
838.5 38.14012344495039
849.2 38.51056204284574
859.9 38.80656151295812
870.4 39.08701694398399
880.8 39.3015207548509
891.0 39.36181736173041
901.0 39.237687465674846
911.0 39.10087548285577
920.7 39.45617076501625
930.3 37.304947553547876
939.7 37.547328825149265
948.9 37.03993469457424
957.9 36.77513427682782
966.7 37.509501863806236
975.2 37.317293600043676
992.9 39.99048956553827
1028.2 41.70658894384034
1063.5 42.89498651868462
1098.8 42.92677301768233
1133.9 39.896512726501705
1169.0 37.95124690231945
1204.0 37.99335260845445
1239.0 39.34997475030427
