354.0 2.2801437948049967
368.2 2.18926172569152
382.4 2.2676281479546385
396.4 2.278909526690547
410.4 2.471433922925675
424.2 2.794369741865628
438.1 3.049179397055444
451.8 3.300161293574529
465.5 3.4371146553791267
479.1 3.558385184281878
492.7 3.7549953805036558
506.1 4.3318029678856185
519.6 5.737928751404002
532.9 7.275288150226274
546.2 8.009587676538208
559.4 8.191650175749444
572.6 7.562887587085965
585.7 7.107612302397453
598.7 7.033289444392809
611.6 6.814908113416479
624.4 6.60041763930621
637.2 6.568320511333079
649.9 6.137983483892769
662.5 5.767806628794457
674.9 5.630663809201238
687.3 6.70707661426282
699.6 11.116904882004235
711.8 17.37402336950296
723.9 24.295590756810434
735.9 30.127736246084464
747.7 33.36680077990544
759.5 34.60154470447169
771.1 35.6076884551816
782.6 36.11436095477147
794.0 36.51152384200462
805.3 36.94100160004433
816.5 37.03955556403625
827.5 37.493202287897844
838.5 38.01768060655386
849.2 38.388561554434794
859.9 38.6854139676012
870.4 38.96697620855189
880.8 39.183346983459806
891.0 39.245899870314304
901.0 39.125996334022275
911.0 38.99156624722034
920.7 39.34668525524421
930.3 37.208400941141676
939.7 37.451265423295354
948.9 36.955226885678215
957.9 36.692309686740366
966.7 37.4249042985292
975.2 37.23174796231089
992.9 39.90566365578037
1028.2 41.61645801057065
1063.5 42.80365275212071
1098.8 42.84277606869439
1133.9 39.83743610244096
1169.0 37.90850549280766
1204.0 37.95437376698993
1239.0 39.309695793522735
