354.0 2.2789104922709407
368.2 2.188236346586143
382.4 2.2677886859685983
396.4 2.2791119052780378
410.4 2.4716652089347946
424.2 2.7923068874002777
438.1 3.045888957808663
451.8 3.295575073295393
465.5 3.430986392731785
479.1 3.5512634257417197
492.7 3.7474635434227075
506.1 4.323355512106518
519.6 5.7365279116332
532.9 7.278009861518901
546.2 8.006645002599743
559.4 8.187061642641462
572.6 7.559609071017175
585.7 7.107825750471501
598.7 7.031876999095118
611.6 6.812071868941361
624.4 6.596383230260833
637.2 6.563374870827362
649.9 6.130471044153575
662.5 5.760764997477609
674.9 5.624180303151847
687.3 6.70300420362152
699.6 11.12589500173578
711.8 17.34793892080249
723.9 24.286932494765715
735.9 30.152024597995123
747.7 33.414210839966394
759.5 34.66003657403727
771.1 35.668620931999094
782.6 36.176867897619154
794.0 36.57463087252889
805.3 37.00466720262165
816.5 37.102521961261374
827.5 37.55690889823014
838.5 38.08117961840747
849.2 38.45162069151061
859.9 38.74790726122787
870.4 39.02918161441449
880.8 39.245124843274326
891.0 39.30737312639722
901.0 39.18460324447374
911.0 39.05175942436733
920.7 39.405699339717195
930.3 37.258187282936234
939.7 37.504240141073105
948.9 36.99908132617383
957.9 36.74346039763076
966.7 37.46817410790742
975.2 37.274516131262
992.9 39.96457561641869
1028.2 41.67774365383816
1063.5 42.86562348453799
1098.8 42.90375359436785
1133.9 39.883978801437664
1169.0 37.94662125959488
1204.0 37.98166191182541
1239.0 39.34711610451544
